# Accelerometer Data File
# Started @Mon May 08 23:01:21 GMT+02:00 2017
#
#
# sensor Vendor: BOSCH
# sensor Name: BMA2X2 Accelerometer/Temperature/Double-tap
# sensor Resolution: 0.01914978m/sec^2; Max Range: 39.226593; Min Delay: 5000 microseconds
# The sensor's attributes are the result hardware and the Android capabilities.
# It means that the Android may not utilize all features provided by the hardware.
#
# Some devices and Android versions save battery too much so the device may go to sleep.
# It just happens after couple of minutes from turning off the scree and it is easy to find it out.
#
# The following file provides the data from accelerometer in the m/s^2 format.
# The diff value is just a time delta between the samples
#
#
# data format:
# so we have 4 columns with values separated by the " "
# X Y Z time_from_previous_sample(ms)

# sensor speed set to:FASTEST
# units set to: m/sec^2
# gravity NOT filtered out
# Accuracy: MEDIUM
-0.447 8.618 1.812 0
-0.566 8.718 1.724 5
-0.772 8.798 1.743 5
-0.884 8.86 1.863 5
-0.899 8.953 2.171 5
-0.772 9.058 2.575 5
-0.511 9.326 2.925 5
-0.247 9.532 3.241 5
-0.134 9.727 3.502 5
-0.119 9.907 3.413 5
-0.035 9.891 3.212 5
0.046 9.818 2.907 5
0.112 9.704 2.622 5
0.07 9.627 2.242 5
0.129 9.603 1.885 5
0.309 9.613 1.939 5
0.298 9.685 2.077 5
0.019 9.782 2.469 5
-0.328 9.866 2.784 5
-0.609 9.826 2.966 5
-0.713 9.681 2.993 5
-0.926 9.464 2.966 5
-1.022 9.239 2.746 5
-0.457 9.5 2.549 5
-0.183 9.822 2.317 5
-0.097 10.021 2.481 5
-0.059 9.951 3.032 5
-0.05 9.675 3.672 5
-0.001 9.407 4.148 5
-0.021 9.18 4.337 6
-0.226 8.985 4.31 5
-0.383 8.76 4.14 5
-0.47 8.548 3.822 5
-0.512 8.407 3.446 5
-0.556 8.374 3.166 5
-0.627 8.467 2.94 5
-0.846 8.578 2.66 5
-1.055 8.565 2.378 5
-0.948 8.523 2.129 5
-0.728 8.402 1.965 5
-0.59 8.356 1.707 5
-0.574 8.388 1.477 5
-0.616 8.495 1.539 5
-0.635 8.621 1.829 5
-0.781 8.688 2.266 5
-0.963 8.716 2.746 5
-1.027 8.72 3.139 5
-0.919 8.683 3.37 5
-0.81 8.642 3.599 5
-0.756 8.753 3.7 5
-0.787 8.925 3.673 5
-0.697 9.076 3.551 5
-0.537 9.192 3.241 5
-0.348 9.333 2.809 5
-0.177 9.455 2.455 5
-0.037 9.515 2.202 5
0.097 9.542 2.005 5
0.122 9.569 1.948 6
0.134 9.471 2.056 5
0.1 9.323 2.107 5
-0.009 9.151 2.25 5
-0.228 8.894 2.323 5
-0.461 8.693 2.479 5
-0.761 8.487 2.679 5
-0.987 8.374 2.912 5
-1.119 8.311 3.077 5
-1.033 8.355 3.153 5
-0.912 8.457 3.095 5
-0.774 8.641 2.966 5
-0.555 8.824 2.82 5
-0.359 9.005 2.656 5
-0.133 9.145 2.486 5
0.02 9.244 2.324 5
0.191 9.349 2.192 5
0.324 9.441 2.164 5
0.484 9.481 2.136 5
0.596 9.491 2.252 5
0.617 9.5 2.403 5
0.672 9.479 2.487 5
0.669 9.461 2.404 5
0.549 9.426 2.198 5
0.36 9.335 1.902 5
0.114 9.19 1.717 5
-0.048 9.044 1.728 5
-0.229 8.947 1.877 5
-0.362 8.868 2.219 6
-0.495 8.834 2.687 5
-0.686 8.838 3.004 5
-0.874 8.798 3.255 5
-0.992 8.735 3.315 5
-0.936 8.739 3.332 5
-0.851 8.714 3.332 5
-0.668 8.766 3.246 5
-0.371 8.814 3.054 5
0.003 8.951 2.826 5
0.324 9.107 2.609 5
0.554 9.326 2.319 5
0.628 9.492 2.036 5
0.67 9.587 1.746 5
0.655 9.565 1.573 5
0.606 9.551 1.473 5
0.516 9.467 1.483 5
0.407 9.382 1.64 5
0.226 9.278 1.894 5
0.086 9.206 2.2 5
-0.133 9.123 2.486 5
-0.311 9.018 2.679 5
-0.515 8.85 2.928 5
-0.652 8.731 3.133 5
-0.786 8.598 3.29 5
-0.834 8.565 3.352 5
-0.901 8.579 3.427 5
-0.912 8.568 3.43 5
-0.863 8.629 3.418 6
-0.79 8.691 3.304 5
-0.758 8.801 3.131 5
-0.658 8.874 3.041 5
-0.449 8.92 2.919 5
-0.325 9.001 2.778 5
-0.233 9.074 2.646 5
-0.18 9.127 2.516 5
-0.203 9.151 2.49 5
-0.104 9.115 2.462 5
0.014 9.097 2.347 5
0.075 9.085 2.202 5
0.148 9.078 2.006 5
0.101 9.059 1.908 5
-0.038 9.076 1.894 5
-0.23 9.111 2.012 5
-0.42 9.136 2.183 5
-0.585 9.174 2.446 5
-0.773 9.174 2.7 5
-0.923 9.19 2.905 5
-1.083 9.176 3.109 5
-1.233 9.228 3.228 5
-1.27 9.326 3.35 5
-1.176 9.399 3.423 5
-0.936 9.452 3.385 5
-0.798 9.5 3.258 5
-0.691 9.5 3.181 5
-0.689 9.5 3.141 5
-0.562 9.519 2.979 5
-0.415 9.55 2.728 6
-0.3 9.545 2.405 5
-0.237 9.516 2.111 5
-0.059 9.467 1.912 5
0.087 9.454 1.875 5
0.098 9.479 1.931 5
0.085 9.557 2.09 5
-0.004 9.548 2.201 5
-0.029 9.524 2.277 5
-0.076 9.442 2.317 5
-0.018 9.418 2.301 5
-0.029 9.383 2.281 5
-0.069 9.35 2.345 5
-0.22 9.249 2.471 5
-0.353 9.203 2.712 5
-0.487 9.118 2.918 5
-0.658 8.992 3.093 5
-0.886 8.892 3.194 5
-1.039 8.803 3.3 5
-1.175 8.73 3.38 5
-1.378 8.638 3.467 5
-1.437 8.673 3.5 5
-1.235 8.788 3.465 5
-1.007 8.974 3.337 5
-0.728 9.185 3.125 5
-0.512 9.353 2.884 5
-0.255 9.597 2.615 5
0.022 9.83 2.442 5
-0.638 10.434 1.822 6
-0.933 10.589 1.351 5
-0.137 10.314 1.601 5
0.364 9.94 1.819 5
0.634 9.632 2.165 5
0.636 9.417 2.392 5
0.452 9.287 2.593 5
0.239 9.195 2.884 5
-0.103 9.234 3.066 5
-0.322 9.307 3.309 5
-0.486 9.397 3.458 5
-0.582 9.442 3.493 5
-0.544 9.442 3.497 5
-0.653 9.442 3.34 5
-0.765 9.423 3.14 5
-0.79 9.338 3.048 5
-0.867 9.249 2.986 5
-0.95 9.152 2.953 5
-0.947 9.061 3.043 5
-0.897 8.899 3.249 5
-0.957 8.813 3.431 5
-1.009 8.719 3.591 5
-0.837 8.734 3.616 5
-0.413 8.716 3.565 5
-0.031 8.724 3.368 5
-0.098 8.928 3.004 5
-0.443 9.204 2.586 5
-0.157 9.04 2.139 5
-0.209 9.056 1.725 6
-0.181 8.998 1.551 5
-0.073 8.927 1.602 5
-0.025 8.843 1.772 5
-0.036 8.741 2.014 5
-0.106 8.672 2.358 5
-0.179 8.621 2.802 5
-0.266 8.538 3.238 5
-0.384 8.407 3.642 5
-0.543 8.348 3.882 5
-0.825 8.272 4.029 5
-0.95 8.287 4.127 5
-1.027 8.365 4.079 5
-0.99 8.557 4.043 5
-0.952 8.788 3.859 5
-0.847 8.973 3.65 5
-0.738 9.174 3.405 5
-0.671 9.251 3.023 5
-0.574 9.265 2.601 5
-0.477 9.23 2.177 5
-0.386 9.163 1.875 5
-0.262 9.125 1.749 5
-0.133 9.117 1.803 5
-0.037 9.136 1.991 5
-0.067 9.151 2.255 5
-0.114 9.187 2.645 5
-0.221 9.193 3.043 5
-0.29 9.182 3.352 5
-0.287 9.117 3.773 6
-0.196 9.055 4.312 5
0.216 8.944 4.837 5
0.289 8.955 5.32 5
-0.368 8.972 5.304 5
-0.737 8.867 5.164 5
-0.935 8.798 5.025 5
-0.852 8.636 4.9 5
-0.796 8.454 4.701 5
-1.268 8.586 4.455 5
-1.181 8.371 4.276 5
-0.996 7.964 3.711 5
-0.861 7.646 2.9 5
-0.918 7.39 2.249 5
-0.795 7.242 1.708 5
-0.506 7.245 1.499 5
-0.632 7.422 1.571 5
-1.304 7.659 2.199 5
-0.385 8.216 1.345 5
0.044 8.528 0.945 5
0.096 8.544 1.495 5
0.134 8.303 2.368 5
0.051 7.992 3.102 5
-0.341 7.665 3.616 5
-0.948 7.488 4.271 5
-1.471 7.492 5.405 5
-1.744 7.622 6.726 5
-1.916 7.761 7.924 5
-1.93 7.842 8.741 5
-1.686 7.94 9.209 6
-1.467 7.987 8.97 5
-1.344 7.933 8.347 5
-1.42 7.724 7.234 5
-1.482 7.378 5.377 5
-1.56 6.975 3.538 5
-1.567 6.662 2.267 5
-1.401 6.537 1.729 5
-1.233 6.594 1.587 5
-1.135 6.724 1.554 5
-0.868 6.978 1.716 5
-0.694 6.856 1.657 5
-0.618 6.474 1.576 5
-0.83 6.578 2.348 5
-0.751 6.742 3.279 5
-0.397 6.865 4.27 5
0.163 6.856 4.587 5
0.722 7.049 4.281 5
1.2 7.865 3.268 5
1.316 8.039 3.717 5
1.087 7.526 5.33 5
0.516 7.732 6.057 5
-0.267 8.321 6.946 5
-1.271 8.657 10.28 5
-1.547 8.028 11.964 5
-1.58 7.53 10.457 5
-0.969 7.469 10.111 5
-0.37 7.44 10.248 5
-0.482 7.152 9.995 6
-0.594 6.73 8.989 5
-0.499 6.409 7.561 5
-0.671 6.337 5.916 5
-1.358 6.315 4.681 5
-2.024 6.267 4.336 5
-2.182 6.231 4.566 5
-2.0 6.261 5.162 5
-1.699 6.214 6.142 5
-1.38 6.006 7.081 5
-1.253 5.768 8.029 5
-1.322 5.651 8.891 5
-1.324 5.71 9.674 5
-1.177 5.892 10.463 5
-0.933 6.153 11.113 5
-0.62 6.438 11.27 5
-0.42 6.627 10.764 5
-0.356 6.723 9.529 5
0.127 6.868 8.303 5
0.713 7.125 7.173 5
1.374 7.496 6.108 5
1.846 7.836 4.605 5
1.585 7.886 3.059 5
0.828 7.733 2.404 5
0.229 7.647 2.22 5
-0.142 7.623 2.082 5
-0.106 7.661 2.184 5
-0.299 7.598 2.38 5
-1.052 7.391 2.639 6
-1.335 7.245 3.154 5
-1.214 7.229 4.025 5
-1.072 7.278 5.125 5
-0.96 7.282 6.425 5
-0.714 7.139 7.613 5
-0.261 6.967 8.512 5
0.157 6.82 9.191 5
0.499 6.665 9.58 5
0.63 6.583 9.689 5
0.621 6.542 9.625 5
0.593 6.583 9.441 5
0.666 6.699 9.385 5
0.903 6.833 9.265 5
1.111 6.991 8.6 5
0.964 7.058 7.509 5
0.614 7.107 6.33 5
0.17 7.192 5.881 5
-0.033 7.241 5.095 5
0.058 7.102 4.741 5
0.156 6.877 4.351 5
0.165 6.536 4.121 5
0.023 6.221 4.099 5
-0.22 6.002 4.354 5
-0.444 5.774 4.735 5
-0.805 5.534 5.125 5
-1.167 5.398 5.755 5
-1.147 5.483 6.531 5
-0.617 5.604 7.424 6
0.063 5.783 8.245 5
0.787 6.077 8.851 5
1.567 6.246 9.916 5
2.048 6.311 10.877 5
2.033 6.404 11.219 5
1.845 6.305 11.077 5
1.793 6.258 10.496 5
1.666 6.234 9.773 5
1.494 6.269 9.083 5
1.203 6.351 8.38 5
0.616 6.656 7.597 5
0.212 6.868 6.828 5
-0.136 6.864 6.072 5
-0.444 6.693 5.523 5
-0.819 6.392 5.066 5
-1.251 6.08 4.786 5
-2.335 6.327 5.081 5
-2.037 6.126 5.19 5
-1.143 6.062 5.278 5
-0.565 6.131 5.705 5
-0.359 6.303 6.455 5
-0.236 6.314 7.356 5
0.015 6.217 8.117 5
0.465 6.219 8.515 5
0.808 6.386 8.646 5
1.197 6.614 8.847 5
1.57 6.783 9.152 5
1.776 6.818 9.065 5
1.89 6.843 8.843 6
1.963 6.818 8.328 5
1.815 6.837 7.678 5
1.58 6.792 7.05 5
1.361 6.628 6.655 5
1.084 6.539 6.347 5
0.894 6.531 6.163 5
0.914 6.591 6.341 5
1.052 6.599 6.829 5
1.05 6.522 7.521 5
0.737 6.196 8.07 5
0.582 5.752 8.38 5
0.167 5.728 8.204 5
-0.542 6.119 7.598 5
-0.839 6.556 6.903 5
-0.25 6.627 6.704 5
0.323 6.284 6.194 5
0.186 6.395 6.398 5
0.245 6.629 6.665 5
0.554 6.735 6.518 5
0.775 6.923 6.527 5
0.897 7.008 6.736 5
1.075 7.148 6.923 5
1.373 7.27 7.04 5
1.505 7.391 7.037 5
1.629 7.489 7.029 5
1.654 7.489 7.029 5
1.608 7.454 6.971 5
1.436 7.414 6.732 6
1.217 7.282 6.453 5
0.836 6.885 6.283 5
0.63 6.742 6.219 5
0.502 6.797 6.243 5
0.35 6.794 6.441 5
0.316 6.77 6.939 5
0.235 6.73 7.318 5
0.067 6.641 7.625 5
0.027 6.55 7.955 5
0.358 6.488 7.875 5
0.491 6.44 7.646 5
0.597 6.501 7.249 5
0.646 6.566 6.696 5
0.703 6.575 6.16 5
0.764 6.643 5.569 5
0.866 6.823 4.996 5
1.008 6.954 4.563 5
1.24 7.101 4.276 5
1.348 7.284 4.107 5
1.482 7.374 3.958 5
1.521 7.362 3.984 5
1.395 7.253 4.153 5
1.199 7.12 4.416 5
0.93 6.958 4.66 5
0.163 6.713 4.943 5
-1.161 6.383 5.579 5
0.291 6.387 5.975 5
1.084 6.596 6.098 6
1.306 7.082 5.639 5
1.013 7.544 5.04 5
0.669 7.795 4.794 5
0.485 7.775 4.766 5
0.288 7.687 4.873 5
-0.01 7.512 4.981 5
-0.204 7.415 5.111 5
-0.167 7.406 5.133 5
-0.058 7.543 5.058 5
0.154 7.685 4.941 5
0.368 7.807 4.786 5
0.628 7.929 4.627 5
0.797 8.049 4.455 5
0.951 8.134 4.328 5
0.915 8.183 4.337 5
0.883 8.146 4.418 5
0.846 8.146 4.523 5
0.845 8.057 4.531 5
0.783 8.011 4.561 5
0.729 7.931 4.727 5
0.594 7.857 5.084 5
0.459 7.794 5.544 5
0.471 7.761 6.094 5
0.517 7.777 6.439 5
0.511 7.788 6.499 5
0.51 7.764 6.477 5
0.5 7.757 6.403 5
0.466 7.738 6.2 6
0.498 7.754 5.962 5
0.566 7.789 5.619 5
0.688 7.852 5.347 5
0.587 7.967 5.114 5
0.121 7.89 5.226 5
0.618 8.011 5.124 5
1.388 8.236 4.924 5
1.724 8.505 4.632 5
1.605 8.616 4.434 5
1.259 8.655 4.354 5
0.837 8.622 4.271 5
0.416 8.638 4.15 5
-0.103 8.665 4.076 5
-0.362 8.714 4.212 5
-0.11 8.65 4.637 5
0.13 8.57 5.078 5
0.207 8.592 5.414 5
0.096 8.764 5.748 5
0.103 8.914 6.037 5
0.163 9.048 6.16 5
0.036 9.391 6.098 5
0.515 9.256 6.061 5
0.811 9.046 5.73 5
0.815 8.928 5.195 5
0.804 8.868 4.736 5
0.78 8.829 4.412 5
0.725 8.829 4.251 5
0.535 8.876 4.294 5
0.346 8.825 4.538 6
0.337 8.731 4.838 5
-0.249 8.502 5.524 5
0.114 8.425 5.704 5
0.783 8.495 5.806 5
0.958 8.655 5.616 5
0.93 8.676 5.327 5
0.844 8.601 4.984 5
0.742 8.464 4.626 5
0.718 8.377 4.222 5
0.724 8.289 3.786 5
0.788 8.255 3.266 5
0.83 8.261 2.815 5
0.89 8.334 2.473 5
0.988 8.421 2.205 5
0.989 8.472 2.2 5
0.923 8.512 2.407 5
0.813 8.55 2.868 5
0.729 8.618 3.365 5
0.689 8.629 3.994 5
0.601 8.647 4.542 5
0.482 8.607 4.944 5
0.34 8.58 5.238 5
0.274 8.574 5.357 5
0.189 8.573 5.31 5
0.153 8.615 5.06 5
0.112 8.625 4.803 5
0.226 8.64 4.451 5
0.35 8.605 4.134 6
0.516 8.58 3.927 5
0.676 8.629 3.864 5
0.788 8.657 3.86 5
0.855 8.611 3.791 5
0.878 8.494 3.789 5
0.816 8.335 3.747 5
0.718 8.151 3.723 5
0.569 7.981 3.681 5
0.347 7.862 3.703 5
0.113 7.78 3.769 5
-0.07 7.724 3.907 5
-0.152 7.661 4.078 5
-0.186 7.642 4.254 5
-0.151 7.693 4.408 5
-0.056 7.784 4.474 5
0.064 7.854 4.477 5
0.155 7.899 4.411 5
0.204 7.997 4.374 5
0.262 8.042 4.35 5
0.315 8.127 4.399 5
0.268 8.168 4.523 5
0.254 8.192 4.749 5
0.249 8.235 5.13 5
0.235 8.207 5.471 5
0.228 8.215 5.612 5
0.226 8.182 5.503 5
0.278 8.138 5.262 5
0.41 8.114 4.917 6
0.544 8.089 4.6 5
0.714 8.117 4.363 5
0.735 8.265 4.132 5
0.817 8.278 3.928 5
0.922 8.18 3.646 5
0.939 8.14 3.372 5
0.923 8.207 3.188 5
0.84 8.287 3.16 5
0.758 8.347 3.238 5
0.691 8.375 3.408 5
0.716 8.434 3.684 5
0.752 8.434 4.012 5
0.749 8.427 4.325 5
0.702 8.385 4.67 5
0.653 8.353 5.076 5
0.563 8.276 5.446 5
0.403 8.217 5.478 5
0.305 8.206 5.342 5
0.218 8.209 5.146 5
0.176 8.251 4.919 5
0.12 8.215 4.705 5
0.2 8.176 4.6 5
0.309 8.128 4.515 5
0.431 8.103 4.432 5
0.482 8.131 4.372 5
0.489 8.204 4.318 5
0.548 8.236 4.37 5
0.708 8.198 4.367 6
0.839 8.11 4.275 5
0.923 8.103 4.181 5
0.958 8.089 4.09 5
1.003 8.143 4.06 5
1.066 8.178 4.074 5
0.993 8.214 4.135 5
0.992 8.288 4.347 5
1.048 8.309 4.582 5
1.12 8.293 4.771 5
1.102 8.307 5.003 5
0.977 8.37 5.152 5
0.846 8.312 5.185 5
0.773 8.271 5.171 5
0.7 8.173 5.156 5
0.665 8.137 5.074 5
0.551 8.088 5.036 5
0.32 8.051 4.963 5
0.093 7.992 4.907 5
-0.122 7.938 4.861 5
-0.291 7.899 4.854 5
-0.344 7.91 4.906 5
-0.248 7.948 4.98 5
0.011 7.993 4.945 5
0.424 8.115 4.852 5
0.699 8.252 4.698 5
0.913 8.403 4.481 5
1.062 8.584 4.242 5
1.172 8.73 4.107 5
1.311 8.876 4.132 6
1.37 8.941 4.309 5
1.417 8.934 4.579 5
1.389 8.888 4.832 5
1.263 8.771 5.018 5
1.029 8.639 5.07 5
0.81 8.48 5.004 5
0.735 8.333 4.867 5
0.724 8.228 4.767 5
0.662 8.131 4.736 5
0.491 8.058 4.601 5
0.282 7.974 4.539 5
0.113 7.941 4.539 5
-0.032 7.927 4.478 5
-0.053 7.99 4.349 5
0.019 8.025 4.328 5
0.126 8.112 4.366 5
0.153 8.171 4.557 5
0.169 8.229 4.729 5
0.235 8.251 4.752 5
0.273 8.195 4.769 5
0.261 8.122 4.769 5
0.268 8.049 4.769 5
0.359 8.01 4.757 5
0.456 7.904 4.779 5
0.526 7.824 4.755 5
0.46 7.795 4.75 5
0.41 7.757 4.724 5
0.326 7.788 4.592 6
0.372 7.86 4.416 5
0.347 7.954 4.274 5
0.407 8.027 4.104 5
0.578 8.076 4.117 5
0.703 8.1 4.243 5
0.712 8.109 4.39 5
0.763 8.14 4.423 5
0.889 8.111 4.557 5
0.86 8.121 4.674 5
0.742 8.121 4.744 5
0.674 8.11 4.773 5
0.521 8.133 4.839 5
0.387 8.124 4.844 5
0.17 8.202 4.805 5
0.001 8.311 4.794 5
0.069 8.367 4.825 5
0.256 8.396 4.919 5
0.323 8.472 4.921 5
0.463 8.551 4.941 5
0.614 8.6 4.977 5
0.687 8.657 4.788 5
0.728 8.668 4.639 5
0.744 8.644 4.469 5
0.749 8.614 4.276 5
0.759 8.566 4.12 5
0.747 8.554 4.048 5
0.729 8.579 4.023 5
0.732 8.619 4.041 6
0.783 8.592 4.154 5
0.795 8.547 4.294 5
0.784 8.445 4.407 5
0.717 8.342 4.528 5
0.646 8.231 4.607 5
0.533 8.118 4.632 5
0.292 8.015 4.595 5
0.114 7.907 4.57 5
-0.005 7.897 4.571 5
-0.089 7.91 4.524 5
-0.053 7.925 4.593 5
-0.064 7.892 4.681 5
-0.024 7.857 4.754 5
0.194 7.873 4.692 5
0.337 8.0 4.632 5
0.385 8.125 4.545 5
0.434 8.207 4.536 5
0.517 8.223 4.484 5
0.503 8.267 4.515 5
0.429 8.267 4.502 5
0.296 8.327 4.535 5
0.264 8.316 4.654 5
0.231 8.367 4.812 5
0.239 8.436 5.017 5
0.248 8.542 5.113 5
0.194 8.544 5.059 5
0.142 8.557 4.975 5
0.102 8.599 4.765 6
0.111 8.565 4.644 5
0.062 8.599 4.522 5
0.063 8.625 4.425 5
0.148 8.656 4.423 5
0.203 8.699 4.512 5
0.258 8.723 4.725 5
0.254 8.748 4.898 5
0.267 8.733 4.96 5
0.211 8.678 4.93 5
0.156 8.616 4.849 5
0.147 8.567 4.791 5
0.264 8.565 4.752 5
0.413 8.585 4.798 5
0.522 8.561 4.858 5
0.698 8.543 4.918 5
0.797 8.527 4.907 5
0.834 8.542 4.836 5
0.766 8.528 4.769 5
0.727 8.465 4.692 5
0.628 8.427 4.632 5
0.37 8.46 4.502 5
0.287 8.42 4.363 5
0.18 8.329 4.172 5
0.133 8.378 3.944 5
0.28 8.573 3.774 5
0.414 8.707 3.699 5
0.471 8.722 3.831 5
0.554 8.64 4.102 5
0.666 8.513 4.362 6
0.67 8.446 4.618 5
0.623 8.405 4.738 5
0.468 8.329 4.846 5
0.242 8.264 4.878 5
0.108 8.255 4.795 5
0.035 8.262 4.86 5
0.063 8.299 4.871 5
0.167 8.33 4.883 5
0.307 8.335 4.757 5
0.374 8.36 4.648 5
0.364 8.341 4.419 5
0.305 8.311 4.191 5
0.226 8.249 4.037 5
0.106 8.213 3.962 5
0.025 8.246 3.929 5
0.033 8.279 4.103 5
0.187 8.327 4.362 5
0.384 8.363 4.655 5
0.62 8.388 4.91 5
0.717 8.343 5.095 5
0.738 8.294 5.199 5
0.699 8.245 5.185 5
0.472 8.216 4.955 5
0.14 8.155 4.65 5
-0.046 8.145 4.342 5
-0.143 8.259 4.187 5
-0.139 8.428 4.198 5
0.022 8.64 4.427 6
0.242 8.772 4.685 5
0.432 8.773 4.859 5
0.441 8.733 4.868 5
0.422 8.601 4.742 5
0.316 8.513 4.601 5
0.249 8.365 4.42 5
0.237 8.207 4.256 5
0.134 8.118 4.153 5
-0.02 8.085 4.105 5
-0.229 8.085 4.156 5
-0.378 8.132 4.209 5
-0.363 8.242 4.367 5
-0.182 8.4 4.495 5
-0.005 8.604 4.644 5
0.189 8.742 4.815 5
0.385 8.776 4.971 5
0.459 8.79 4.939 5
0.417 8.758 4.818 5
0.331 8.728 4.568 5
0.339 8.598 4.349 5
0.424 8.461 4.139 5
0.41 8.42 4.133 5
0.351 8.369 4.086 5
0.363 8.332 4.169 5
0.228 8.234 4.327 5
0.088 8.14 4.509 5
-0.082 8.092 4.631 5
-0.134 7.985 4.791 6
-0.189 7.923 4.931 5
-0.207 7.943 5.037 5
-0.174 8.0 5.021 5
-0.112 8.075 4.92 5
-0.05 8.174 4.716 5
0.134 8.248 4.558 5
0.264 8.328 4.52 5
0.448 8.35 4.494 5
0.669 8.332 4.558 5
0.801 8.254 4.577 5
0.881 8.194 4.513 5
0.875 8.103 4.295 5
0.806 8.019 4.086 5
0.652 7.954 3.875 5
0.434 7.867 3.627 5
0.203 7.879 3.551 5
0.083 7.974 3.639 5
0.057 8.095 3.895 5
0.185 8.245 4.14 5
0.305 8.397 4.374 5
0.427 8.534 4.506 5
0.615 8.56 4.577 5
0.688 8.511 4.589 5
0.761 8.473 4.594 5
0.867 8.416 4.528 5
0.919 8.35 4.408 5
0.935 8.335 4.252 5
0.958 8.312 4.182 6
0.958 8.33 4.211 5
0.941 8.316 4.37 5
0.843 8.294 4.614 5
0.746 8.182 4.755 5
0.687 8.04 4.766 5
0.603 7.936 4.633 5
0.503 7.888 4.378 5
0.397 7.839 4.11 5
0.374 7.833 3.914 5
0.479 7.856 3.869 5
0.588 7.942 4.03 5
0.595 7.986 4.188 5
0.575 8.021 4.398 5
0.575 7.977 4.472 5
0.516 7.919 4.457 5
0.502 7.85 4.365 5
0.594 7.789 4.299 5
0.627 7.798 4.188 5
0.684 7.765 4.172 5
0.665 7.735 4.072 5
0.578 7.711 3.968 5
0.408 7.673 3.849 5
0.237 7.661 3.794 5
0.13 7.735 3.839 5
0.096 7.852 3.906 5
0.003 7.954 4.048 5
-0.116 8.007 4.219 5
-0.207 8.056 4.383 5
-0.32 8.116 4.53 6
-0.327 8.189 4.676 5
-0.341 8.262 4.822 5
-0.317 8.328 4.992 5
-0.228 8.35 5.185 5
-0.118 8.405 5.337 5
-0.082 8.404 5.424 5
-0.075 8.408 5.411 5
-0.114 8.427 5.235 5
-0.072 8.448 4.972 5
0.043 8.509 4.709 5
0.163 8.606 4.51 5
0.244 8.704 4.463 5
0.355 8.755 4.448 5
0.453 8.78 4.474 5
0.524 8.791 4.437 5
0.591 8.809 4.369 5
0.664 8.787 4.305 5
0.737 8.753 4.3 5
0.81 8.63 4.398 5
0.842 8.538 4.485 5
0.805 8.398 4.552 5
0.732 8.214 4.494 5
0.593 8.126 4.347 5
0.408 8.058 4.162 5
0.279 8.04 4.04 5
0.171 8.063 3.984 5
0.135 8.1 4.075 5
0.144 8.149 4.292 6
0.057 8.198 4.473 5
-0.073 8.231 4.55 5
-0.232 8.26 4.577 5
-0.311 8.375 4.584 5
-0.306 8.496 4.608 5
-0.135 8.691 4.616 5
0.043 8.9 4.676 5
0.262 9.006 4.724 5
0.469 9.066 4.821 5
0.572 9.078 4.846 5
0.613 9.097 4.742 5
0.651 9.117 4.558 5
0.66 9.136 4.27 5
0.69 9.175 3.979 5
0.703 9.211 3.882 5
0.701 9.251 3.88 5
0.709 9.267 4.004 5
0.75 9.265 4.202 5
0.774 9.208 4.422 5
0.772 9.122 4.619 5
0.766 8.988 4.765 5
0.71 8.89 4.797 5
0.564 8.704 4.817 5
0.33 8.534 4.778 5
0.186 8.405 4.707 5
0.064 8.344 4.61 5
-0.04 8.331 4.585 5
-0.128 8.348 4.71 6
-0.134 8.391 4.761 5
0.013 8.4 4.866 5
0.123 8.389 4.922 5
0.135 8.407 4.83 5
0.044 8.47 4.562 5
-0.018 8.475 4.26 5
-0.052 8.465 3.973 5
0.024 8.509 3.735 5
0.146 8.643 3.772 5
0.314 8.707 3.941 5
0.466 8.764 4.169 5
0.526 8.69 4.263 5
0.42 8.617 4.321 5
0.285 8.508 4.204 5
0.138 8.337 4.027 5
0.059 8.256 3.879 5
-0.018 8.168 3.85 5
-0.097 8.11 3.894 5
-0.116 8.061 4.049 5
-0.165 8.025 4.244 5
-0.225 8.048 4.405 5
-0.281 8.096 4.427 5
-0.322 8.132 4.375 5
-0.321 8.237 4.333 5
-0.304 8.346 4.406 5
-0.176 8.37 4.59 5
-0.113 8.432 4.9 5
-0.191 8.446 5.182 6
-0.225 8.416 5.406 5
-0.231 8.406 5.475 5
-0.292 8.376 5.377 5
-0.367 8.389 5.229 5
-0.349 8.439 5.09 5
-0.204 8.556 5.018 5
-0.008 8.734 5.05 5
0.11 8.974 5.068 5
0.208 9.131 5.019 5
0.358 9.192 4.866 5
0.547 9.26 4.73 5
0.662 9.285 4.519 5
0.688 9.306 4.283 5
0.677 9.264 4.099 5
0.724 9.239 3.903 5
0.764 9.248 3.766 5
0.906 9.223 3.735 5
0.947 9.166 3.938 5
0.918 9.102 4.219 5
0.734 8.986 4.437 5
0.538 8.783 4.558 5
0.343 8.627 4.509 5
0.148 8.516 4.387 5
0.0 8.466 4.308 5
0.0 8.491 4.303 5
0.046 8.538 4.409 5
0.127 8.628 4.597 5
0.216 8.723 4.748 5
0.265 8.78 4.87 6
0.301 8.884 4.89 5
0.344 8.962 4.81 5
0.443 9.006 4.745 5
0.604 9.04 4.721 5
0.707 9.029 4.727 5
0.804 8.938 4.786 5
0.804 8.772 4.731 5
0.747 8.565 4.566 5
0.541 8.403 4.247 5
0.237 8.304 3.862 5
0.001 8.255 3.528 5
-0.115 8.281 3.349 5
-0.189 8.349 3.35 5
-0.106 8.469 3.612 5
0.01 8.562 4.036 5
0.038 8.61 4.503 5
-0.059 8.597 4.835 5
-0.114 8.555 4.98 5
-0.187 8.542 4.957 5
-0.277 8.542 4.908 5
-0.291 8.545 4.838 5
-0.145 8.569 4.96 5
0.062 8.62 5.13 5
0.282 8.564 5.264 5
0.407 8.485 5.32 5
0.382 8.368 5.236 5
0.285 8.222 5.036 5
0.205 8.099 4.755 6
0.09 8.076 4.463 5
0.004 8.159 4.205 5
-0.085 8.264 4.103 5
-0.155 8.428 4.148 5
-0.139 8.606 4.302 5
-0.015 8.762 4.57 5
0.038 8.921 4.895 5
0.077 9.011 5.151 5
0.096 9.05 5.297 5
0.145 9.059 5.294 5
0.175 9.038 5.249 5
0.23 8.983 5.248 5
0.327 8.909 5.21 5
0.466 8.819 5.243 5
0.559 8.645 5.159 5
0.55 8.523 5.02 5
0.45 8.392 4.787 5
0.309 8.295 4.487 5
0.111 8.312 4.148 5
-0.087 8.399 3.76 5
-0.167 8.488 3.533 5
-0.108 8.627 3.449 5
0.064 8.81 3.537 5
0.416 8.995 3.829 5
0.755 9.057 4.279 5
0.928 9.019 4.713 5
1.001 8.809 5.094 5
1.021 8.516 5.211 6
0.922 8.205 5.099 5
0.733 7.963 4.952 5
0.65 7.784 4.728 5
0.598 7.753 4.548 5
0.57 7.696 4.498 5
0.466 7.622 4.456 5
0.344 7.561 4.432 5
0.29 7.546 4.34 5
0.24 7.561 4.134 5
0.159 7.691 3.793 5
0.115 7.81 3.478 5
0.096 7.871 3.259 5
0.038 7.991 3.227 5
0.038 8.103 3.306 5
0.069 8.2 3.519 5
0.081 8.337 3.79 5
0.173 8.44 4.132 5
0.339 8.489 4.484 5
0.557 8.487 4.834 5
0.657 8.403 5.086 5
0.69 8.224 5.264 5
0.703 8.025 5.313 5
0.671 7.836 5.156 5
0.537 7.671 4.899 5
0.429 7.564 4.622 5
0.307 7.516 4.342 5
0.203 7.553 4.133 5
0.057 7.661 4.054 6
-0.03 7.77 3.979 5
-0.088 7.933 3.981 5
-0.102 8.125 4.031 5
-0.004 8.321 4.129 5
0.133 8.475 4.302 5
0.303 8.597 4.516 5
0.373 8.599 4.75 5
0.422 8.579 4.935 5
0.516 8.531 5.09 5
0.596 8.479 5.149 5
0.651 8.388 5.101 5
0.748 8.304 5.04 5
0.836 8.206 4.933 5
0.89 8.137 4.747 5
0.906 8.088 4.577 5
0.794 7.99 4.406 5
0.598 7.911 4.161 5
0.283 7.886 3.821 5
0.103 7.959 3.55 5
0.088 8.078 3.471 5
0.083 8.255 3.521 5
0.198 8.268 3.505 5
0.272 8.34 3.59 5
0.287 8.404 3.789 5
0.23 8.424 3.989 5
0.238 8.391 4.176 5
0.262 8.302 4.36 5
0.287 8.199 4.648 5
0.321 8.111 4.927 6
0.384 8.022 5.214 5
0.387 7.86 5.397 5
0.417 7.726 5.513 5
0.364 7.526 5.425 5
0.305 7.427 5.207 5
0.116 7.395 4.997 5
0.038 7.409 4.678 5
0.118 7.409 4.273 5
0.069 7.512 3.923 5
0.039 7.677 3.625 5
0.139 7.838 3.553 5
0.281 7.95 3.591 5
0.437 8.094 3.647 5
0.394 8.183 3.74 5
0.261 8.248 3.857 5
0.175 8.212 3.993 5
0.17 8.113 4.09 5
0.188 7.99 4.232 5
0.156 7.86 4.361 5
0.053 7.754 4.459 5
-0.055 7.625 4.557 5
-0.186 7.579 4.698 5
-0.229 7.555 4.927 5
-0.198 7.546 5.171 5
-0.251 7.628 5.383 5
-0.326 7.739 5.341 5
-0.496 7.908 5.087 5
-0.623 8.053 4.726 6
-0.682 8.209 4.429 5
-0.617 8.436 4.202 5
-0.492 8.604 4.11 5
-0.272 8.769 4.155 5
-0.061 8.844 4.324 5
0.119 8.809 4.545 5
0.192 8.745 4.761 5
0.114 8.57 4.906 5
0.043 8.367 4.941 5
-0.115 8.172 4.906 5
-0.221 8.052 4.867 5
-0.366 8.006 4.798 5
-0.39 8.006 4.75 5
-0.415 8.046 4.777 5
-0.402 8.101 4.694 5
-0.444 8.193 4.596 5
-0.469 8.306 4.479 5
-0.447 8.462 4.378 5
-0.379 8.585 4.328 5
-0.344 8.671 4.355 5
-0.32 8.745 4.429 5
-0.34 8.804 4.46 5
-0.369 8.788 4.603 5
-0.376 8.763 4.643 5
-0.371 8.726 4.627 5
-0.42 8.696 4.521 5
-0.352 8.685 4.476 5
-0.216 8.657 4.395 6
-0.094 8.688 4.37 5
-0.004 8.69 4.368 5
-0.111 8.638 4.379 5
-0.318 8.602 4.319 5
-0.52 8.615 4.169 5
-0.698 8.663 4.055 5
-0.771 8.737 3.951 5
-0.831 8.859 4.038 5
-0.898 8.924 4.192 5
-0.851 9.036 4.473 5
-0.823 9.088 4.738 5
-0.7 9.067 4.953 5
-0.59 9.0 5.134 5
-0.541 8.936 5.172 5
-0.457 8.789 5.233 5
-0.386 8.667 5.248 5
-0.334 8.545 5.203 5
-0.449 8.423 5.121 5
-0.658 8.315 4.961 5
-0.802 8.293 4.771 5
-0.885 8.381 4.562 5
-0.848 8.547 4.391 5
-0.711 8.758 4.236 5
-0.56 8.957 4.277 5
-0.361 9.13 4.368 5
-0.251 9.203 4.453 5
-0.229 9.197 4.516 5
-0.357 9.078 4.565 6
-0.48 8.915 4.475 5
-0.678 8.706 4.402 5
-0.878 8.563 4.367 5
-1.093 8.47 4.3 5
-1.226 8.437 4.379 5
-1.259 8.477 4.563 5
-1.161 8.57 4.757 5
-1.084 8.703 4.832 5
-1.06 8.789 4.736 5
-1.104 8.827 4.537 5
-1.177 8.829 4.261 5
-1.078 8.812 4.067 5
-0.918 8.818 3.962 5
-0.804 8.848 4.002 5
-0.769 8.848 4.095 5
-0.737 8.807 4.287 5
-0.777 8.756 4.46 5
-0.852 8.706 4.624 5
-1.004 8.585 4.725 5
-1.079 8.451 4.738 5
-1.175 8.339 4.765 5
-1.219 8.271 4.708 5
-1.299 8.255 4.727 5
-1.321 8.255 4.81 5
-1.34 8.274 4.96 5
-1.287 8.274 5.102 5
-1.188 8.264 5.229 5
-0.843 8.255 5.012 5
-0.639 8.272 4.836 6
-0.489 8.228 4.69 5
-0.512 8.118 4.532 5
-0.658 7.996 4.344 5
-0.882 7.89 4.212 5
-1.097 7.804 4.075 5
-1.129 7.856 3.939 5
-1.034 7.891 3.945 5
-0.899 7.993 4.042 5
-0.93 8.104 4.171 5
-1.035 8.187 4.326 5
-1.175 8.298 4.389 5
-1.284 8.378 4.424 5
-1.284 8.463 4.4 5
-1.246 8.502 4.438 5
-1.138 8.551 4.492 5
-1.082 8.486 4.556 5
-1.058 8.424 4.647 5
-1.109 8.351 4.73 5
-1.183 8.185 4.77 5
-1.245 8.06 4.816 5
-1.279 7.947 4.87 5
-1.266 7.868 4.846 5
-1.301 7.833 4.839 5
-1.338 7.87 4.802 5
-1.324 7.995 4.771 5
-1.276 8.148 4.698 5
-1.21 8.334 4.575 5
-1.14 8.491 4.459 6
-1.034 8.656 4.519 5
-0.95 8.699 4.525 5
-0.839 8.647 4.57 5
-0.757 8.56 4.643 5
-0.732 8.357 4.716 5
-0.805 8.147 4.769 5
-0.914 7.904 4.745 5
-1.078 7.746 4.713 5
-1.296 7.666 4.583 5
-1.35 7.621 4.477 5
-1.312 7.711 4.397 5
-1.301 7.891 4.405 5
-1.277 8.09 4.488 5
-1.284 8.31 4.621 5
-1.223 8.451 4.736 5
-1.164 8.523 4.668 5
-1.122 8.523 4.56 5
-1.098 8.498 4.402 5
-1.091 8.45 4.245 5
-1.026 8.405 4.266 5
-0.995 8.363 4.372 5
-0.967 8.276 4.507 5
-0.957 8.159 4.654 5
-1.03 7.999 4.755 5
-1.113 7.908 4.759 5
-1.211 7.875 4.703 5
-1.282 7.896 4.623 5
-1.296 7.976 4.466 6
-1.308 8.11 4.369 5
-1.232 8.263 4.313 5
-1.037 8.409 4.384 5
-0.811 8.53 4.523 5
-0.685 8.547 4.666 5
-0.708 8.465 4.731 5
-0.727 8.3 4.765 5
-0.727 8.154 4.786 5
-0.789 8.055 4.8 5
-0.803 7.906 4.856 5
-0.838 7.851 5.009 5
-0.911 7.826 5.144 5
-0.884 7.868 5.223 5
-0.792 7.956 5.107 5
-0.746 8.013 4.946 5
-0.732 8.058 4.842 5
-0.822 8.14 4.692 5
-0.798 8.225 4.591 5
-0.784 8.325 4.46 5
-0.721 8.414 4.38 5
-0.65 8.427 4.288 5
-0.65 8.413 4.285 5
-0.589 8.364 4.346 5
-0.554 8.28 4.384 5
-0.6 8.146 4.508 5
-0.658 7.97 4.575 5
-0.759 7.831 4.602 5
-0.881 7.718 4.558 6
-1.035 7.623 4.548 5
-1.154 7.665 4.499 5
-1.269 7.762 4.419 5
-1.345 7.928 4.388 5
-1.355 8.165 4.391 5
-1.233 8.372 4.416 5
-1.03 8.532 4.496 5
-0.81 8.664 4.558 5
-0.643 8.713 4.558 5
-0.598 8.734 4.488 5
-0.516 8.598 4.348 5
-0.473 8.393 4.353 5
-0.501 8.149 4.388 5
-0.614 7.937 4.531 5
-0.867 7.749 4.765 5
-1.183 7.645 4.938 5
-1.488 7.597 5.036 5
-1.745 7.621 5.091 5
-1.88 7.75 5.087 5
-1.869 7.97 5.039 5
-1.711 8.204 4.947 5
-1.53 8.428 4.787 5
-1.316 8.599 4.627 5
-1.163 8.748 4.526 5
-1.082 8.823 4.422 5
-0.989 8.862 4.336 5
-0.916 8.796 4.204 5
-0.818 8.722 4.168 5
-0.749 8.537 4.263 6
-0.784 8.336 4.545 5
-0.82 8.1 4.828 5
-0.946 7.902 5.068 5
-1.13 7.775 5.228 5
-1.34 7.718 5.133 5
-1.52 7.74 4.889 5
-1.589 7.836 4.594 5
-1.602 8.046 4.396 5
-1.508 8.328 4.288 5
-1.361 8.633 4.264 5
-1.25 8.979 4.377 5
-1.153 9.17 4.432 5
-1.064 9.24 4.489 5
-0.963 9.222 4.548 5
-0.803 9.173 4.616 5
-0.73 9.04 4.67 5
-0.71 8.881 4.754 5
-0.743 8.67 4.82 5
-0.893 8.469 4.886 5
-1.071 8.267 4.917 5
-1.266 8.109 4.917 5
-1.427 8.1 4.921 5
-1.634 8.078 4.88 5
-1.795 8.184 4.915 5
-1.942 8.349 4.827 5
-2.145 8.563 4.788 5
-2.306 8.862 4.714 5
-2.342 9.135 4.663 6
-2.285 9.371 4.638 5
-2.106 9.546 4.731 5
-1.832 9.643 5.004 5
-1.467 9.666 5.357 5
-1.112 9.565 5.724 5
-0.896 9.367 6.055 5
-0.768 9.078 6.103 5
-0.628 8.713 5.982 5
-0.497 8.424 5.702 5
-0.53 8.142 5.215 5
-0.676 7.877 4.748 5
-0.822 7.633 4.326 5
-0.952 7.446 4.003 5
-1.144 7.397 3.799 5
-1.376 7.424 3.59 5
-1.612 7.486 3.383 5
-1.746 7.707 3.267 5
-1.716 8.044 3.291 5
-1.494 8.444 3.523 5
-1.219 8.736 3.835 5
-0.738 8.934 4.149 5
-0.267 9.012 4.325 5
0.073 8.973 4.383 5
0.306 8.783 4.365 5
0.496 8.437 4.355 5
0.53 7.998 4.317 5
0.375 7.604 4.255 5
0.065 7.24 4.11 6
-0.382 7.032 4.025 5
-0.845 6.929 3.893 5
-1.402 6.857 3.775 5
-1.79 6.923 3.88 5
-2.029 7.099 3.918 5
-2.103 7.471 3.974 5
-1.983 7.977 4.126 5
-1.665 8.517 4.239 5
-1.299 8.991 4.372 5
-0.83 9.295 4.512 5
-0.455 9.412 4.555 5
-0.168 9.424 4.661 5
0.147 9.332 4.769 5
0.503 9.15 4.81 5
0.742 8.852 4.914 5
0.889 8.513 4.952 5
1.003 8.164 4.912 5
0.955 7.809 4.938 5
0.734 7.534 4.644 5
0.575 7.178 3.08 5
0.34 6.835 2.5 5
-0.199 6.68 2.528 5
-0.749 6.824 2.919 5
-1.099 7.143 3.608 5
-1.204 7.611 4.244 5
-1.09 7.983 4.871 5
-0.908 8.235 5.481 5
-0.809 8.342 6.19 6
-0.754 8.256 6.727 5
-0.542 8.015 7.146 5
-0.063 7.648 7.438 5
0.454 7.24 7.58 5
0.774 6.776 7.576 5
0.758 6.308 7.387 5
0.507 5.898 7.096 5
0.008 5.649 6.656 5
-0.608 5.634 6.164 5
-1.136 5.754 5.651 5
-1.558 5.98 5.173 5
-1.86 6.291 4.774 5
-2.052 6.623 4.386 5
-2.112 6.964 3.973 5
-2.161 7.226 3.512 5
-2.113 7.429 3.077 5
-2.049 7.62 2.716 5
-1.885 7.752 2.384 5
-1.678 7.953 2.185 5
-1.342 8.197 2.264 5
-0.982 8.451 2.459 5
-0.55 8.655 2.793 5
-0.136 8.748 3.194 5
0.238 8.685 3.838 5
0.529 8.574 4.619 5
0.63 8.47 5.312 5
0.601 8.408 5.898 5
0.509 8.39 6.361 5
0.344 8.399 6.724 6
0.267 8.371 6.834 5
0.27 8.362 6.568 5
0.551 8.09 6.076 5
0.625 7.805 5.377 5
0.382 7.491 4.45 5
0.08 7.123 3.495 5
-0.355 6.857 2.596 5
-0.962 6.745 1.781 5
-1.947 6.742 1.05 5
-3.017 6.834 0.692 5
-4.149 7.106 0.661 5
-5.303 7.439 0.918 5
-6.009 7.784 1.653 5
-6.468 8.267 2.497 5
-6.306 8.884 3.415 5
-5.586 9.26 4.331 5
-4.547 9.541 5.331 5
-3.038 9.57 5.893 5
-1.4 9.376 5.958 5
0.163 8.905 5.659 5
1.423 8.31 5.197 5
2.372 7.787 4.732 5
2.983 7.401 4.445 5
3.55 6.94 4.574 5
4.074 6.392 5.098 5
4.398 5.865 6.264 5
4.764 5.32 8.128 5
4.873 4.898 9.608 6
4.795 4.52 10.528 5
4.355 4.316 11.103 5
3.392 4.469 11.408 5
2.141 4.906 11.333 5
1.036 5.477 10.812 5
0.175 6.043 9.953 5
-0.46 6.447 8.847 5
-0.882 6.696 7.548 5
-1.189 6.809 6.098 5
-1.299 6.894 4.565 5
-1.192 7.066 3.118 5
-0.784 7.201 1.813 5
-0.201 7.365 0.63 5
0.104 7.679 -0.265 5
0.097 8.257 -0.988 5
-0.102 8.897 -1.433 5
-0.547 9.354 -1.226 5
-0.988 9.612 -0.493 5
-1.286 9.758 0.136 5
-1.522 9.888 0.633 5
-1.921 9.943 1.277 5
-2.121 9.929 2.188 5
-1.978 9.729 3.181 5
-1.32 9.419 4.437 5
-0.235 8.942 5.883 5
0.777 8.489 7.342 5
1.568 8.093 8.683 5
2.014 7.866 9.734 6
2.101 7.651 10.687 5
2.01 7.573 11.636 5
1.774 7.598 12.474 5
1.411 7.663 12.959 5
0.923 7.695 13.239 5
0.401 7.68 13.395 5
-0.111 7.498 13.445 5
-0.512 7.169 13.226 5
-1.012 6.707 12.816 5
-1.449 6.201 12.32 5
-1.864 5.839 11.531 5
-2.101 5.825 10.226 5
-2.21 6.029 8.691 5
-2.218 6.355 7.148 5
-2.235 6.751 5.756 5
-2.171 7.19 4.493 5
-2.022 7.632 3.634 5
-1.7 8.047 3.212 5
-1.352 8.411 3.267 5
-1.121 8.589 3.598 5
-1.067 8.589 3.916 5
-1.223 8.541 4.441 5
-1.092 8.404 5.0 5
-0.579 8.067 5.528 5
-0.445 8.216 6.163 5
-0.745 8.546 6.737 5
-1.088 8.922 7.063 5
-1.277 9.085 6.874 6
-1.356 8.989 6.437 5
-1.506 8.652 5.809 5
-1.703 8.134 5.306 5
-1.605 7.509 5.527 5
-1.335 6.9 5.865 5
-1.218 6.49 5.988 5
-1.367 6.269 6.048 5
-1.768 6.106 6.253 5
-2.385 5.96 6.445 5
-2.99 5.876 6.543 5
-3.385 5.951 6.705 5
-3.63 6.103 6.889 5
-3.597 6.31 6.991 5
-3.159 6.617 6.953 5
-2.458 6.908 6.87 5
-1.752 6.987 6.92 5
-1.121 6.877 7.029 5
-0.583 6.635 6.869 5
-0.137 6.483 6.511 5
0.231 6.46 5.981 5
0.729 6.461 5.34 5
1.654 6.22 4.808 5
1.879 6.001 4.126 5
1.484 5.901 3.487 5
1.006 5.851 2.902 5
0.601 5.994 2.272 5
0.193 6.278 1.79 5
-0.342 6.667 1.54 5
-1.037 6.928 1.531 6
-1.593 7.073 1.801 5
-1.819 7.215 2.514 5
-1.865 7.281 3.422 5
-2.09 7.167 4.131 5
-2.291 7.143 4.49 5
-2.483 7.359 4.847 5
-2.891 7.671 5.037 5
-3.212 7.82 5.258 5
-3.231 7.808 5.521 5
-3.085 7.595 5.637 5
-2.961 7.219 5.695 5
-2.93 6.737 5.793 5
-2.826 6.258 5.972 5
-2.575 6.11 6.119 5
-2.346 6.201 6.436 5
-2.096 6.518 7.135 5
-1.866 7.091 8.074 5
-1.559 7.749 8.908 5
-1.238 8.378 9.506 5
-1.005 8.734 9.729 5
-0.755 8.715 9.612 5
-0.544 8.608 9.245 5
-0.331 8.395 8.803 5
-0.194 8.037 8.194 5
-0.063 7.606 7.389 5
-0.044 7.222 6.389 5
-0.222 6.849 5.392 5
-0.28 6.674 4.969 6
-0.564 6.684 4.846 5
-0.91 6.352 4.899 5
-1.376 5.859 5.001 5
-1.808 5.453 5.019 5
-2.468 5.34 4.877 5
-3.287 5.607 4.574 5
-3.875 6.029 4.479 5
-4.461 6.331 4.447 5
-4.77 6.586 4.345 5
-4.419 6.83 4.199 5
-3.917 7.019 4.165 5
-3.376 7.067 4.233 5
-2.57 7.101 4.271 5
-1.653 7.027 4.412 5
-0.897 6.934 4.583 5
-0.198 6.795 4.765 5
0.449 6.896 5.01 5
0.959 7.257 5.103 5
1.188 7.728 5.005 5
0.989 8.035 4.921 5
0.569 8.101 4.811 5
0.207 7.983 4.674 5
0.027 7.822 4.664 5
-0.076 7.843 4.727 5
0.093 7.886 5.006 5
-0.311 7.814 5.127 5
-0.581 7.944 5.056 5
-1.012 8.19 4.85 6
-1.669 8.449 4.527 5
-1.866 8.497 4.145 5
-1.932 8.529 3.836 5
-1.531 8.431 3.68 5
-1.629 8.303 3.653 5
-1.619 8.235 3.745 5
-1.933 8.182 3.897 5
-2.276 8.148 4.204 5
-2.705 8.337 4.398 5
-3.113 8.531 4.451 5
-3.265 8.7 4.427 5
-3.073 8.747 4.199 5
-2.627 8.674 3.704 5
-2.221 8.513 3.222 5
-2.07 8.261 2.973 5
-1.77 8.212 3.01 5
-1.317 8.246 3.347 5
-0.908 8.428 3.934 5
-0.523 8.66 4.654 5
-0.242 8.676 5.559 5
-0.033 8.449 6.369 5
0.187 8.115 6.925 5
0.34 7.929 7.252 5
0.429 7.978 7.439 5
0.387 8.124 7.397 5
0.308 8.252 7.225 5
0.245 8.289 6.798 5
0.093 8.088 6.343 6
0.079 7.742 5.893 5
0.312 7.464 5.602 5
0.626 7.298 6.147 5
0.405 7.236 6.355 5
-0.074 7.549 6.121 5
-0.954 7.872 5.61 5
-1.606 8.019 5.113 5
-1.748 8.05 4.729 5
-1.761 8.044 4.431 5
-1.993 8.054 4.111 5
-2.457 8.054 3.66 5
-3.007 8.142 2.947 5
-3.544 8.293 2.209 5
-3.957 8.293 1.615 5
-4.357 8.258 1.119 5
-4.702 8.303 0.552 5
-4.836 8.458 0.073 5
-4.714 8.499 0.244 5
-4.508 8.412 0.792 5
-4.425 8.315 1.365 5
-4.533 8.106 1.866 5
-4.567 8.053 2.313 5
-4.512 8.15 2.793 5
-4.253 8.381 3.217 5
-3.868 8.58 3.607 5
-3.417 8.712 3.963 5
-2.871 8.856 4.228 5
-2.445 8.842 4.599 5
-2.242 8.835 4.745 6
-1.86 8.949 4.721 5
-1.405 9.17 4.636 5
-1.297 9.418 4.376 5
-1.497 9.441 4.042 5
-1.833 9.301 3.517 5
-2.278 9.135 3.055 5
-2.592 9.13 2.892 5
-2.631 9.108 2.819 5
-2.623 8.858 2.796 5
-2.731 8.39 2.858 5
-2.82 7.992 3.07 5
-2.866 7.845 3.434 5
-2.984 7.927 3.955 5
-3.125 8.029 4.519 5
-3.237 8.151 4.976 5
-3.198 8.197 5.376 5
-3.053 8.015 5.498 5
-2.8 7.872 5.51 5
-2.447 8.001 5.509 5
-2.065 8.353 5.567 5
-1.83 8.732 5.541 5
-1.61 8.821 5.173 5
-1.499 8.716 4.52 5
-1.474 8.545 3.824 5
-1.689 8.436 3.118 5
-1.919 8.643 2.618 5
-2.101 8.996 2.308 5
-2.087 9.33 2.054 6
-2.139 9.294 0.785 5
-2.568 9.038 -1.925 5
-3.234 8.811 -2.403 5
-3.4 8.52 -1.254 5
-3.14 8.391 0.457 5
-2.811 8.424 2.448 5
-2.794 8.39 4.146 5
-2.958 8.441 5.461 5
-3.162 8.602 6.448 5
-3.4 8.596 6.749 5
-3.482 8.444 6.438 5
-3.453 8.414 5.728 5
-3.548 8.533 4.885 5
-3.685 8.803 4.161 5
-3.788 9.033 3.657 5
-3.706 9.081 3.21 5
-3.443 9.1 2.863 5
-3.071 9.21 2.497 5
-2.857 9.327 2.077 5
-2.747 9.277 1.767 5
-2.769 9.048 1.574 5
-2.966 8.661 1.395 5
-3.271 8.439 1.38 5
-3.526 8.342 1.523 5
-3.6 8.261 1.76 5
-3.444 8.239 2.0 5
-3.249 8.238 2.236 5
-3.059 8.176 2.505 6
-2.856 8.159 2.736 5
-2.565 8.154 3.027 5
-2.252 8.12 3.377 5
-1.849 8.101 3.624 5
-1.477 8.066 3.862 5
-1.197 8.108 4.095 5
-0.905 8.156 4.268 5
-0.701 8.144 4.324 5
-0.571 8.105 4.446 5
-0.613 8.104 4.6 5
-0.852 8.055 4.695 5
-1.164 7.912 4.825 5
-1.288 7.828 4.73 5
-1.369 7.865 4.633 5
-1.393 8.002 4.581 5
-1.487 8.147 4.437 5
-1.72 8.262 4.307 5
-1.976 8.312 4.063 5
-2.151 8.295 3.847 5
-2.285 8.341 3.546 5
-2.333 8.439 3.329 5
-2.382 8.599 3.193 5
-2.469 8.694 3.066 5
-2.591 8.666 2.944 5
-2.682 8.597 2.873 5
-2.731 8.499 2.888 5
-2.67 8.345 3.0 5
-2.473 8.274 3.221 6
-2.157 8.286 3.502 5
-1.825 8.345 3.857 5
-1.412 8.488 4.24 5
-1.008 8.667 4.556 5
-0.757 8.849 4.728 5
-0.518 8.982 4.712 5
-0.285 9.093 4.61 5
-0.1 9.146 4.437 5
-0.022 9.124 4.27 5
0.037 9.027 4.271 5
-0.007 8.773 4.278 5
-0.153 8.479 4.302 5
-0.382 8.218 4.43 5
-0.555 8.073 4.671 5
-0.831 7.974 4.965 5
-0.979 7.869 5.306 5
-0.995 7.795 5.629 5
-0.917 7.747 5.897 5
-0.789 7.718 6.155 5
-0.634 7.765 6.414 5
-0.427 7.881 6.614 5
-0.245 8.028 6.691 5
-0.075 8.186 6.691 5
0.084 8.253 6.546 5
0.108 8.286 6.24 5
-0.009 8.246 5.793 5
-0.349 8.208 5.26 5
-0.82 8.159 4.753 5
-1.286 8.143 4.241 6
-1.752 8.101 3.858 5
-2.032 8.07 3.579 5
-2.208 8.009 3.257 5
-2.292 8.023 3.002 5
-2.353 7.987 2.844 5
-2.322 8.021 2.746 5
-2.145 8.176 2.739 5
-1.903 8.306 2.773 5
-1.686 8.436 2.855 5
-1.461 8.502 2.983 5
-1.245 8.527 3.158 5
-1.156 8.542 3.397 5
-1.083 8.557 3.721 5
-1.067 8.56 3.946 5
-1.028 8.514 4.211 5
-1.04 8.441 4.37 5
-1.016 8.305 4.562 5
-1.026 8.158 4.675 5
-0.995 8.037 4.752 5
-1.009 7.992 4.744 5
-1.014 8.025 4.75 5
-1.004 8.054 4.725 5
-0.966 8.093 4.561 5
-1.035 8.117 4.357 5
-1.057 8.204 4.223 5
-1.117 8.287 4.084 5
-1.105 8.36 4.01 5
-1.022 8.44 4.037 6
-0.917 8.504 4.138 5
-0.763 8.504 4.25 5
-0.702 8.531 4.326 5
-0.746 8.504 4.386 5
-0.926 8.508 4.387 5
-1.166 8.404 4.454 5
-1.433 8.289 4.54 5
-1.737 8.175 4.662 5
-1.998 8.106 4.77 5
-2.267 8.02 4.819 5
-2.351 8.023 4.792 5
-2.315 8.141 4.736 5
-2.127 8.261 4.613 5
-1.858 8.321 4.47 5
-1.552 8.331 4.329 5
-1.255 8.303 4.135 5
-0.948 8.383 3.909 5
-0.717 8.489 3.655 5
-0.605 8.566 3.575 5
-0.501 8.632 3.505 5
-0.415 8.633 3.493 5
-0.523 8.549 3.434 5
-0.745 8.438 3.496 5
-1.03 8.269 3.595 5
-1.306 8.119 3.797 5
-1.53 7.949 3.964 5
-1.754 7.782 4.168 5
-1.889 7.559 4.324 6
-2.011 7.395 4.495 5
-2.097 7.361 4.705 5
-2.229 7.48 4.88 5
-2.302 7.65 4.966 5
-2.299 7.854 5.014 5
-2.116 8.075 5.024 5
-1.792 8.277 4.917 5
-1.513 8.392 4.851 5
-1.244 8.427 4.769 5
-1.069 8.496 4.481 5
-0.926 8.632 4.116 5
-0.915 8.754 3.719 5
-1.024 8.793 3.377 5
-1.178 8.796 3.209 5
-1.312 8.772 3.136 5
-1.409 8.668 3.243 5
-1.568 8.544 3.398 5
-1.716 8.439 3.602 5
-1.883 8.394 3.821 5
-2.068 8.35 4.079 5
-2.096 8.366 4.319 5
-2.005 8.429 4.615 5
-1.797 8.524 4.836 5
-1.427 8.601 4.965 5
-1.018 8.612 4.99 5
-0.677 8.575 4.929 5
-0.436 8.526 4.835 5
-0.328 8.451 4.702 6
-0.387 8.345 4.499 5
-0.564 8.21 4.308 5
-0.861 8.044 4.214 5
-1.186 7.915 4.166 5
-1.444 7.94 4.247 5
-1.656 7.979 4.306 5
-1.674 8.067 4.3 5
-1.528 8.108 4.165 5
-1.394 8.169 3.994 5
-1.255 8.249 3.893 5
-1.122 8.348 3.711 5
-1.047 8.427 3.54 5
-0.884 8.455 3.342 5
-0.689 8.504 3.218 5
-0.721 8.528 3.15 5
-0.986 8.542 3.132 5
-1.341 8.511 3.188 5
-1.837 8.439 3.293 5
-2.386 8.32 3.58 5
-2.932 8.162 3.981 5
-3.29 8.068 4.359 5
-3.518 8.006 4.677 5
-3.598 8.041 4.935 5
-3.535 8.18 5.032 5
-3.198 8.274 4.903 5
-2.63 8.337 4.491 5
-2.078 8.34 4.004 5
-1.612 8.3 3.547 5
-1.217 8.317 3.177 6
-0.881 8.425 2.927 5
-0.685 8.608 2.805 5
-0.668 8.796 2.707 5
-0.862 8.939 2.673 5
-1.138 9.028 2.79 5
-1.361 9.059 3.069 5
-1.589 9.117 3.486 5
-1.782 9.146 4.046 5
-1.848 9.164 4.508 5
-1.904 9.155 4.831 5
-1.834 9.2 4.989 5
-1.792 9.298 5.083 5
-1.756 9.371 5.046 5
-1.637 9.507 4.93 5
-1.506 9.603 4.938 5
-1.327 9.625 4.905 5
-1.146 9.615 4.87 5
-0.995 9.653 4.731 5
-0.875 9.691 4.595 5
-0.861 9.681 4.529 5
-0.892 9.641 4.441 5
-0.92 9.493 4.428 5
-0.959 9.402 4.498 5
-1.093 9.317 4.632 5
-1.271 9.254 4.761 5
-1.473 9.144 4.966 5
-1.586 9.062 5.093 5
-1.655 8.993 5.128 6
-1.684 8.982 5.056 5
-1.581 8.969 4.922 5
-1.437 9.004 4.773 5
-1.155 9.021 4.603 5
-0.867 9.032 4.384 5
-0.453 8.928 4.145 5
-0.113 8.77 3.852 5
0.049 8.539 3.559 5
-0.046 8.338 3.325 5
-0.32 8.118 3.32 5
-0.777 7.941 3.464 5
-1.266 7.775 3.678 5
-1.707 7.71 3.813 5
-2.104 7.79 3.921 5
-2.385 7.975 4.012 5
-2.417 8.124 3.966 5
-2.193 8.208 3.729 5
-1.876 8.293 3.472 5
-1.535 8.328 3.144 5
-1.27 8.275 2.778 5
-1.129 8.18 2.405 5
-1.129 8.201 2.176 5
-1.187 8.274 2.242 5
-1.255 8.282 2.526 5
-1.303 8.181 2.909 5
-1.415 8.026 3.285 5
-1.629 7.931 3.767 5
-1.911 7.969 4.173 6
-2.19 8.091 4.599 5
-2.312 8.21 5.029 5
-2.337 8.276 5.231 5
-2.206 8.387 5.377 5
-2.017 8.478 5.369 5
-1.817 8.6 5.343 5
-1.576 8.643 5.161 5
-1.398 8.668 4.984 5
-1.305 8.676 4.878 5
-1.246 8.632 4.759 5
-1.27 8.538 4.631 5
-1.307 8.441 4.447 5
-1.303 8.339 4.263 5
-1.492 8.271 4.095 5
-1.717 8.16 4.097 5
-1.897 8.14 4.244 5
-1.972 8.082 4.503 5
-2.026 8.036 4.882 5
-2.089 7.978 5.235 5
-2.233 7.971 5.553 5
-2.319 8.077 5.792 5
-2.307 8.269 5.832 5
-2.135 8.5 5.673 5
-1.787 8.719 5.454 5
-1.37 8.795 5.223 5
-0.82 8.775 4.949 5
-0.268 8.635 4.662 5
0.271 8.387 4.385 6
0.637 8.143 4.216 5
0.758 7.921 4.175 5
0.687 7.757 4.271 5
0.367 7.636 4.536 5
-0.079 7.577 4.968 5
-0.503 7.565 5.382 5
-0.875 7.6 5.655 5
-1.126 7.614 5.732 5
-1.371 7.67 5.58 5
-1.545 7.694 5.365 5
-1.724 7.739 5.111 5
-1.835 7.841 4.868 5
-1.855 7.963 4.625 5
-1.758 8.069 4.349 5
-1.527 8.142 4.052 5
-1.22 8.116 3.746 5
-0.879 8.019 3.466 5
-0.608 7.829 3.229 5
-0.501 7.639 3.114 5
-0.552 7.528 3.137 5
-0.706 7.494 3.283 5
-0.843 7.546 3.528 5
-0.959 7.592 3.909 5
-1.046 7.725 4.327 5
-1.119 7.887 4.749 5
-1.229 8.052 5.083 5
-1.292 8.164 5.332 5
-1.39 8.285 5.294 5
-1.399 8.33 5.037 6
-1.351 8.366 4.593 5
-1.33 8.332 4.213 5
-1.354 8.298 3.918 5
-1.377 8.274 3.752 5
-1.304 8.279 3.592 5
-1.166 8.272 3.556 5
-0.866 8.207 3.806 5
-0.566 8.186 4.559 5
-0.263 8.277 5.36 5
-0.008 8.337 5.831 5
0.057 8.297 6.187 5
0.038 8.282 6.493 5
-0.1 8.236 6.664 5
-0.27 8.278 6.67 5
-0.403 8.486 6.528 5
-0.533 8.592 6.214 5
-0.649 8.522 5.698 5
-0.884 8.254 5.096 5
-1.194 8.036 4.466 5
-1.497 8.041 3.86 5
-1.777 8.347 3.35 5
-2.73 8.624 0.278 5
-3.865 9.04 -2.058 5
-4.619 9.034 -0.809 5
-5.26 8.63 -0.035 5
-4.796 8.097 1.594 5
-4.03 7.728 3.26 5
-3.783 7.587 3.811 6
-3.92 7.812 3.676 5
-4.021 8.222 3.382 5
-3.992 8.434 3.051 5
-3.857 8.359 2.76 5
-3.526 8.223 2.576 5
-3.132 8.101 2.471 5
-2.576 8.147 2.516 5
-1.993 8.34 2.695 5
-1.447 8.565 2.936 5
-1.042 8.762 3.258 5
-0.804 8.862 3.578 5
-0.682 8.79 3.982 5
-0.582 8.605 4.447 5
-0.497 8.474 4.919 5
-0.484 8.389 5.331 5
-0.478 8.316 5.564 5
-0.526 8.266 5.56 5
-0.752 8.198 5.384 5
-1.098 8.13 5.194 5
-1.384 8.122 4.993 5
-1.672 8.165 4.688 5
-1.856 8.2 4.42 5
-1.995 8.2 4.2 5
-2.053 8.197 4.026 5
-2.109 8.22 3.915 5
-2.195 8.28 3.952 5
-2.185 8.347 4.054 5
-2.128 8.343 4.175 6
-1.917 8.275 4.175 5
-1.722 8.163 4.117 5
-1.646 8.063 4.042 5
-1.644 8.057 4.116 5
-1.717 8.066 4.178 5
-1.742 8.196 4.259 5
-1.654 8.334 4.283 5
-1.502 8.549 4.203 5
-1.258 8.72 4.004 5
-0.919 8.897 3.73 5
-0.684 9.076 3.388 5
-0.575 9.313 3.182 5
-0.526 9.538 3.035 5
-0.497 9.652 2.987 5
-0.514 9.569 2.98 5
-0.587 9.362 2.985 5
-0.677 9.159 2.969 5
-0.766 8.95 3.116 5
-1.031 8.788 3.338 5
-1.372 8.644 3.716 5
-1.688 8.547 4.135 5
-1.903 8.527 4.55 5
-1.906 8.561 4.9 5
-1.703 8.609 5.158 5
-1.33 8.698 5.306 5
-0.947 8.797 5.301 5
-0.625 8.81 5.138 5
-0.438 8.762 4.878 6
-0.534 8.703 4.613 5
-0.737 8.604 4.353 5
-1.033 8.542 4.188 5
-1.255 8.433 4.067 5
-1.34 8.284 3.957 5
-1.358 8.104 3.889 5
-1.335 7.938 3.763 5
-1.302 7.811 3.656 5
-1.338 7.707 3.576 5
-1.389 7.702 3.529 5
-1.43 7.799 3.489 5
-1.365 8.088 3.441 5
-1.211 8.387 3.375 5
-0.989 8.702 3.301 5
-0.685 8.952 3.167 5
-0.496 9.063 2.965 5
-0.42 9.05 2.922 5
-0.464 8.934 2.863 5
-0.656 8.768 2.837 5
-1.051 8.567 2.97 5
-1.601 8.38 3.163 5
-2.185 8.218 3.431 5
-2.742 8.14 3.658 5
-3.15 8.132 3.845 5
-3.389 8.159 4.079 5
-3.445 8.25 4.192 5
-3.244 8.433 4.29 5
-2.801 8.702 4.253 5
-2.284 8.941 4.17 6
-1.71 9.118 4.018 5
-1.166 9.149 3.823 5
-0.717 9.092 3.556 5
-0.465 9.01 3.401 5
-0.475 8.961 3.395 5
-0.685 8.952 3.497 5
-1.053 8.951 3.754 5
-1.437 8.98 4.064 5
-1.86 8.966 4.336 5
-2.066 8.831 4.576 5
-2.067 8.753 4.712 5
-1.887 8.678 4.75 5
-1.533 8.77 4.716 5
-1.122 8.832 4.508 5
-0.715 8.897 4.313 5
-0.313 8.947 4.13 5
-0.011 8.948 4.072 5
0.205 8.861 4.099 5
0.303 8.775 4.208 5
0.207 8.734 4.273 5
-0.102 8.781 4.404 5

# Completed @Mon May 08 23:01:32 GMT+02:00 2017
