# Accelerometer Data File
# Started @Mon May 08 23:02:38 GMT+02:00 2017
#
#
# sensor Vendor: BOSCH
# sensor Name: BMA2X2 Accelerometer/Temperature/Double-tap
# sensor Resolution: 0.01914978m/sec^2; Max Range: 39.226593; Min Delay: 5000 microseconds
# The sensor's attributes are the result hardware and the Android capabilities.
# It means that the Android may not utilize all features provided by the hardware.
#
# Some devices and Android versions save battery too much so the device may go to sleep.
# It just happens after couple of minutes from turning off the scree and it is easy to find it out.
#
# The following file provides the data from accelerometer in the m/s^2 format.
# The diff value is just a time delta between the samples
#
#
# data format:
# so we have 4 columns with values separated by the " "
# X Y Z time_from_previous_sample(ms)

# sensor speed set to:FASTEST
# units set to: m/sec^2
# gravity NOT filtered out
# Accuracy: MEDIUM
0.344 8.042 5.656 0
0.483 7.783 5.722 5
0.564 7.664 5.779 5
0.575 7.661 5.822 5
0.606 7.705 5.86 5
0.891 7.827 5.731 5
1.14 7.872 5.576 5
1.121 7.765 5.3 5
0.971 7.612 4.994 5
0.85 7.49 4.688 5
0.912 7.452 4.247 5
0.982 7.538 3.82 5
0.867 7.611 3.34 5
0.777 7.753 2.745 5
0.766 7.929 2.145 5
0.667 8.065 1.727 5
0.472 8.121 1.832 5
0.418 8.105 2.378 5
0.521 8.178 3.172 5
0.592 8.135 3.98 5
0.713 8.026 4.414 5
0.835 8.023 4.729 5
1.005 8.071 4.851 5
1.41 7.98 4.657 5
1.623 7.8 4.639 5
1.667 7.717 4.311 5
1.774 7.636 4.444 5
1.994 7.612 4.713 5
2.1 7.651 5.069 5
2.107 7.741 5.344 6
2.085 7.827 5.227 5
1.974 8.048 4.787 5
1.687 8.315 4.371 5
1.232 8.589 4.163 5
0.846 8.846 3.872 5
0.699 9.012 3.571 5
0.651 9.116 3.309 5
0.655 9.08 3.174 5
0.456 9.326 3.16 5
0.43 9.522 3.079 5
0.962 8.947 3.287 5
1.425 8.4 3.689 5
2.012 7.877 4.362 5
2.51 7.502 5.084 5
2.647 7.427 5.949 5
2.229 7.421 6.866 5
1.585 7.533 7.536 5
0.884 7.623 8.07 5
0.265 7.636 8.339 5
-0.099 7.623 8.507 5
-0.221 7.54 8.358 5
-0.013 7.603 7.986 5
0.621 7.977 7.432 5
1.265 8.224 6.947 5
1.691 8.2 6.436 5
1.786 7.92 6.039 5
1.8 7.68 5.775 5
1.741 7.589 5.54 6
1.606 7.645 5.173 5
1.49 7.73 4.784 5
1.108 7.818 4.627 5
0.687 7.884 4.601 5
0.377 8.003 4.506 5
0.166 8.157 4.353 5
-0.054 8.288 4.226 5
-0.298 8.404 4.195 5
-0.386 8.465 4.138 5
-0.478 8.485 4.04 5
-0.558 8.534 3.942 5
-0.575 8.647 3.937 5
-0.645 8.849 3.772 5
-0.862 9.08 3.615 5
-1.022 9.223 3.681 5
-0.91 9.422 3.811 5
-0.74 9.502 3.828 5
-0.667 9.359 3.958 5
-0.444 9.346 4.377 5
0.023 9.237 4.591 5
0.416 9.046 5.018 5
0.801 8.888 5.483 5
1.149 8.851 5.503 5
1.109 8.867 6.034 5
0.916 8.817 6.765 5
1.202 8.639 7.965 5
0.902 8.703 8.398 5
-0.473 9.029 7.354 6
-1.443 9.012 7.053 5
-2.483 9.325 6.877 5
-3.031 9.638 6.843 5
-3.112 9.987 6.877 5
-2.981 10.093 6.895 5
-2.595 10.121 6.855 5
-2.03 10.283 6.797 5
-0.727 10.697 6.457 5
0.392 11.12 5.954 5
1.075 11.452 5.677 5
1.471 11.902 5.561 5
1.597 12.14 5.565 5
0.219 11.158 5.596 5
-1.342 9.998 5.978 5
-1.929 9.307 5.799 5
-1.842 9.263 5.609 5
-1.34 9.845 5.453 5
-1.232 10.261 5.178 5
-1.587 10.306 5.045 5
-2.023 10.089 5.0 5
-2.228 9.906 5.242 5
-2.187 9.826 5.548 5
-2.049 9.706 5.821 5
-1.968 9.381 6.053 5
-1.639 9.044 6.085 5
-1.23 8.759 6.028 5
-0.718 8.515 6.011 5
-0.157 8.264 5.95 6
0.383 7.903 5.855 5
0.809 7.427 5.67 5
1.548 7.171 5.414 5
2.194 7.126 5.085 5
2.507 7.155 4.81 5
2.581 6.916 4.77 5
2.631 6.782 4.928 5
2.854 6.843 5.129 5
2.832 6.901 5.232 5
2.979 6.933 4.84 5
2.842 6.878 4.027 5
2.444 6.933 3.807 5
2.298 7.055 3.714 5
2.26 7.104 3.586 5
2.33 7.001 3.533 5
2.451 6.79 3.686 5
2.558 6.712 3.959 5
2.564 6.627 4.32 5
2.46 6.652 4.669 5
2.315 6.688 4.928 5
2.178 6.72 5.081 5
2.134 6.761 5.14 5
2.302 6.737 5.313 5
2.563 6.598 5.128 5
2.623 6.459 4.635 5
2.558 6.335 4.221 5
2.48 6.349 3.772 5
2.417 6.483 3.32 5
2.274 6.551 2.955 6
2.171 6.607 2.637 5
2.168 6.719 2.287 5
2.2 6.758 1.678 5
2.049 6.7 1.204 5
1.894 6.66 1.212 5
1.839 6.587 1.432 5
1.969 6.513 1.661 5
2.227 6.469 1.704 5
2.321 6.405 1.859 5
2.44 6.283 2.002 5
2.575 6.145 2.068 5
2.714 6.09 2.029 5
2.727 6.017 1.895 5
2.636 5.995 1.858 5
2.601 5.937 1.855 5
2.706 5.921 1.838 5
2.806 5.872 1.852 5
2.966 5.823 1.802 5
3.026 5.841 1.728 5
2.887 5.841 1.645 5
2.739 5.903 1.425 5
2.698 5.875 0.935 5
2.547 5.815 0.711 5
2.158 5.827 1.024 5
2.049 5.945 1.409 5
2.091 6.203 1.767 5
1.985 6.463 2.275 5
2.022 6.665 2.345 6
2.181 6.76 1.921 5
2.02 6.775 1.497 5
1.806 6.761 1.141 5
1.728 6.853 0.845 5
1.734 7.004 0.712 5
1.846 7.171 0.794 5
1.846 7.245 0.978 5
1.769 7.276 1.26 5
1.712 7.278 1.46 5
1.778 7.26 1.726 5
1.834 7.268 2.015 5
1.78 7.355 2.301 5
1.559 7.491 2.847 5
1.274 7.599 3.464 5
0.935 7.721 4.28 5
0.697 7.879 5.093 5
0.544 7.977 5.749 5
0.385 8.087 6.212 5
0.257 8.156 6.566 5
0.294 8.185 6.707 5
0.299 8.225 6.749 5
0.212 8.278 6.794 5
0.171 8.313 6.7 5
0.049 8.378 6.405 5
-0.04 8.457 6.057 5
-0.105 8.481 5.716 5
-0.178 8.589 5.457 5
-0.288 8.686 5.235 6
-0.433 8.784 5.228 5
-0.494 8.81 5.445 5
-0.389 8.829 5.651 5
-0.298 8.811 5.754 5
-0.205 8.791 5.755 5
-0.111 8.754 5.57 5
0.025 8.813 5.392 5
0.017 8.9 5.27 5
-0.111 8.957 5.213 5
-0.146 9.051 5.173 5
-0.072 9.158 5.206 5
0.013 9.219 5.293 5
0.075 9.268 5.397 5
0.172 9.323 5.627 5
0.182 9.317 5.944 5
0.162 9.298 6.261 5
0.113 9.307 6.556 5
0.04 9.295 6.721 5
-0.1 9.319 6.75 5
-0.32 9.36 6.676 5
-0.583 9.373 6.625 5
-0.853 9.469 6.6 5
-1.123 9.551 6.653 5
-1.459 9.648 6.684 5
-1.769 9.685 6.779 5
-1.972 9.777 7.047 5
-1.995 9.855 7.301 5
-1.97 9.9 7.497 6
-1.946 9.845 7.735 5
-1.972 9.795 7.936 5
-1.905 9.72 7.968 5
-1.819 9.694 7.94 5
-1.835 9.726 7.835 5
-1.897 9.802 7.664 5
-2.043 9.881 7.439 5
-2.196 9.973 7.252 5
-2.298 10.017 7.048 5
-2.4 9.987 6.857 5
-2.37 9.939 6.621 5
-2.273 9.896 6.45 5
-2.175 9.81 6.217 5
-2.01 9.67 6.014 5
-1.846 9.51 5.908 5
-1.739 9.297 6.014 5
-1.577 9.151 6.184 5
-1.475 9.06 6.468 5
-1.546 8.997 6.684 5
-1.619 9.003 6.802 5
-1.738 8.99 6.872 5
-1.864 9.018 6.776 5
-1.979 8.983 6.663 5
-2.029 8.983 6.432 5
-2.012 9.016 6.138 5
-1.944 8.96 5.852 5
-1.854 8.928 5.494 5
-1.678 8.879 5.187 5
-1.421 8.793 4.964 6
-1.243 8.829 4.802 5
-1.059 8.809 4.711 5
-0.888 8.776 4.616 5
-0.755 8.758 4.576 5
-0.623 8.817 4.545 5
-0.549 8.878 4.472 5
-0.535 8.958 4.392 5
-0.522 9.069 4.162 5
-0.476 9.151 3.778 5
-0.608 9.193 3.545 5
-0.784 9.212 3.486 5
-0.759 9.251 3.708 5
-0.689 9.282 3.895 5
-0.735 9.308 4.093 5
-0.906 9.265 4.287 5
-0.976 9.185 4.546 5
-0.903 9.051 4.863 5
-0.738 8.967 5.188 5
-0.716 8.895 5.51 5
-0.696 8.831 5.694 5
-0.755 8.782 5.718 5
-0.804 8.733 5.533 5
-0.94 8.69 5.204 5
-1.006 8.655 4.86 5
-1.03 8.686 4.543 5
-1.033 8.697 4.274 5
-1.048 8.707 4.05 5
-1.084 8.708 3.795 6
-1.055 8.732 3.487 5
-1.11 8.707 3.271 5
-1.074 8.649 3.17 5
-0.99 8.59 3.117 5
-0.919 8.539 3.064 5
-0.938 8.41 3.098 5
-0.916 8.315 3.223 5
-0.899 8.194 3.304 5
-0.828 8.078 3.307 5
-0.667 8.014 3.256 5
-0.561 7.942 3.269 5
-0.608 7.947 3.257 5
-0.651 7.891 3.263 5
-0.773 7.882 3.19 5
-0.852 7.857 3.175 5
-0.94 7.834 3.237 5
-1.026 7.847 3.279 5
-1.097 7.822 3.31 5
-1.195 7.814 3.196 5
-1.244 7.768 3.028 5
-1.236 7.688 2.827 5
-1.212 7.629 2.545 5
-1.133 7.605 2.289 5
-1.01 7.65 1.94 5
-0.966 7.69 1.705 5
-0.879 7.714 1.617 5
-0.803 7.683 1.651 5
-0.79 7.732 1.797 6
-0.815 7.752 1.994 5
-0.839 7.809 2.099 5
-0.91 7.852 2.237 5
-0.976 7.845 2.392 5
-0.937 7.807 2.549 5
-0.863 7.777 2.696 5
-0.809 7.799 2.866 5
-0.746 7.824 2.969 5
-0.697 7.833 2.954 5
-0.612 7.833 2.811 5
-0.587 7.852 2.694 5
-0.535 7.879 2.547 5
-0.552 7.888 2.425 5
-0.544 7.902 2.378 5
-0.601 7.975 2.418 5
-0.639 7.987 2.438 5
-0.613 7.987 2.432 5
-0.659 8.025 2.441 5
-0.708 8.035 2.49 5
-0.727 8.089 2.539 5
-0.722 8.086 2.562 5
-0.618 8.14 2.471 5
-0.485 8.117 2.444 5
-0.389 8.068 2.468 5
-0.338 8.044 2.528 5
-0.314 8.044 2.536 5
-0.257 8.044 2.453 5
-0.285 8.063 2.338 6
-0.344 8.011 2.279 5
-0.452 8.035 2.299 5
-0.512 8.075 2.348 5
-0.577 8.084 2.27 5
-0.619 8.088 2.151 5
-0.583 8.075 2.09 5
-0.452 8.065 2.051 5
-0.37 8.022 2.052 5
-0.272 7.997 2.085 5
-0.147 7.959 2.134 5
-0.02 7.911 2.183 5
0.107 7.828 2.202 5
0.202 7.824 2.172 5
0.211 7.833 2.052 5
0.187 7.811 2.022 5
0.134 7.755 1.927 5
0.122 7.743 1.891 5
0.115 7.757 1.842 5
0.131 7.76 1.88 5
0.124 7.785 1.887 5
0.12 7.809 1.919 5
0.134 7.833 1.877 5
0.148 7.847 1.863 5
0.124 7.833 1.877 5
0.162 7.849 1.893 5
0.209 7.914 1.931 5
0.17 7.969 1.882 5
0.097 8.055 1.747 5
0.077 8.135 1.65 6
0.046 8.193 1.529 5
-0.026 8.3 1.418 5
-0.042 8.379 1.369 5
-0.076 8.408 1.245 5
-0.092 8.427 1.234 5
-0.144 8.416 1.271 5
-0.168 8.36 1.321 5
-0.208 8.365 1.494 5
-0.183 8.317 1.706 5
-0.184 8.268 1.875 5
-0.173 8.183 2.075 5
-0.141 8.182 2.36 5
-0.077 8.206 2.555 5
-0.071 8.245 2.643 5
-0.115 8.313 2.7 5
-0.158 8.343 2.665 5
-0.182 8.392 2.475 5
-0.289 8.457 2.231 5
-0.368 8.525 2.021 5
-0.424 8.573 1.93 5
-0.484 8.58 1.832 5
-0.569 8.525 1.836 5
-0.609 8.465 1.838 5
-0.66 8.456 1.848 5
-0.694 8.461 1.858 5
-0.688 8.446 1.818 5
-0.664 8.429 1.787 5
-0.628 8.367 1.834 6
-0.579 8.318 1.972 5
-0.593 8.271 2.103 5
-0.616 8.263 2.218 5
-0.69 8.3 2.293 5
-0.726 8.331 2.317 5
-0.827 8.312 2.492 5
-0.842 8.302 2.653 5
-0.872 8.338 2.711 5
-0.966 8.37 2.562 5
-1.173 8.357 2.458 5
-1.263 8.32 2.348 5
-1.23 8.312 2.2 5
-1.162 8.29 2.057 5
-1.105 8.266 2.016 5
-1.045 8.281 2.115 5
-0.904 8.293 2.163 5
-0.814 8.278 2.202 5
-0.658 8.273 2.183 5
-0.503 8.195 2.149 5
-0.402 8.135 2.093 5
-0.414 8.07 2.209 5
-0.366 8.118 2.366 5
-0.241 8.157 2.569 5
-0.213 8.232 2.678 5
-0.304 8.363 2.645 5
-0.632 8.481 2.583 5
-1.047 8.636 2.397 5
-1.268 8.825 2.144 6
-1.401 8.956 2.0 5
-1.501 8.998 2.034 5
-1.568 9.037 2.214 5
-1.544 9.002 2.421 5
-1.472 8.99 2.64 5
-1.333 8.931 2.856 5
-1.119 8.816 3.155 5
-0.907 8.701 3.529 5
-0.712 8.555 3.802 5
-0.401 8.542 3.888 5
-0.232 8.643 3.858 5
-0.264 8.688 3.799 5
-0.387 8.777 3.711 5
-0.595 8.892 3.552 5
-0.914 8.979 3.399 5
-1.256 9.064 3.24 5
-1.531 9.148 3.233 5
-1.702 9.181 3.508 5
-1.798 9.204 3.906 5
-1.791 9.193 4.284 5
-1.722 9.193 4.637 5
-1.564 9.158 5.001 5
-1.349 9.095 5.343 5
-1.057 9.062 5.751 5
-0.784 9.042 6.158 5
-0.547 9.074 6.496 5
-0.452 9.11 6.677 5
-0.529 9.099 6.633 6
-0.687 9.123 6.505 5
-0.96 9.241 6.401 5
-1.219 9.308 6.135 5
-1.458 9.366 5.759 5
-1.71 9.36 5.287 5
-1.851 9.368 4.926 5
-1.924 9.417 4.586 5
-1.895 9.423 4.279 5
-1.88 9.416 4.232 5
-1.806 9.391 4.431 5
-1.726 9.349 4.788 5
-1.583 9.342 5.224 5
-1.361 9.309 5.617 5
-1.185 9.231 5.935 5
-1.033 9.173 6.267 5
-1.002 9.112 6.415 5
-0.998 9.003 6.41 5
-1.031 8.947 6.378 5
-1.057 8.865 6.342 5
-1.121 8.856 6.336 5
-1.232 8.893 6.275 5
-1.299 8.906 6.118 5
-1.338 8.921 5.852 5
-1.416 8.896 5.621 5
-1.391 8.902 5.584 5
-1.337 8.903 5.749 5
-1.264 8.824 5.859 5
-1.157 8.761 5.949 5
-1.043 8.686 5.99 6
-1.033 8.575 5.998 5
-1.017 8.51 5.998 5
-0.982 8.413 5.962 5
-0.939 8.37 5.883 5
-0.971 8.317 5.791 5
-0.947 8.322 5.59 5
-0.953 8.297 5.362 5
-0.917 8.273 5.187 5
-0.868 8.242 5.095 5
-0.769 8.216 5.053 5
-0.679 8.149 5.059 5
-0.644 8.118 5.156 5
-0.62 8.085 5.384 5
-0.631 8.063 5.663 5
-0.669 8.044 5.802 5
-0.703 7.991 5.918 5
-0.796 7.928 5.996 5
-0.887 7.91 6.09 5
-0.962 7.855 6.163 5
-1.053 7.904 6.043 5
-1.114 7.917 5.777 5
-1.129 7.927 5.501 5
-1.088 7.987 5.224 5
-1.047 8.02 4.941 5
-0.974 8.104 4.824 5
-0.882 8.121 4.732 5
-0.765 8.116 4.793 5
-0.728 8.081 4.838 6
-0.761 8.078 4.895 5
-0.823 8.122 5.08 5
-0.836 8.14 5.166 5
-0.873 8.164 5.301 5
-0.915 8.143 5.465 5
-0.915 8.133 5.7 5
-0.891 8.084 5.893 5
-0.825 8.105 6.026 5
-0.708 8.082 5.995 5
-0.683 8.107 5.917 5
-0.659 8.131 5.829 5
-0.635 8.14 5.803 5
-0.713 8.183 5.81 5
-0.8 8.242 5.88 5
-0.897 8.291 5.868 5
-0.953 8.364 5.757 5
-1.018 8.415 5.601 5
-1.06 8.446 5.537 5
-1.063 8.474 5.488 5
-1.091 8.523 5.401 5
-1.069 8.517 5.36 5
-1.025 8.482 5.316 5
-0.986 8.465 5.324 5
-0.91 8.446 5.42 5
-0.835 8.446 5.442 5
-0.773 8.446 5.515 5
-0.64 8.464 5.677 5
-0.52 8.45 5.787 6
-0.396 8.447 5.943 5
-0.325 8.413 6.099 5
-0.442 8.408 6.128 5
-0.585 8.405 6.08 5
-0.623 8.49 6.041 5
-0.712 8.588 5.985 5
-0.789 8.623 5.931 5
-0.83 8.664 5.895 5
-0.854 8.676 5.956 5
-0.861 8.694 6.048 5
-0.827 8.742 6.046 5
-0.832 8.772 6.091 5
-0.881 8.786 6.032 5
-1.017 8.811 5.895 5
-1.127 8.866 5.73 5
-1.2 8.917 5.584 5
-1.29 8.99 5.486 5
-1.364 9.038 5.38 5
-1.382 9.021 5.355 5
-1.295 9.008 5.331 5
-1.173 9.002 5.378 5
-1.069 9.008 5.418 5
-0.966 8.954 5.468 5
-0.893 8.915 5.444 5
-0.819 8.886 5.379 5
-0.728 8.892 5.312 5
-0.677 8.933 5.275 5
-0.653 8.942 5.184 6
-0.656 8.933 5.21 5
-0.704 8.975 5.257 5
-0.766 8.99 5.377 5
-0.784 9.002 5.456 5
-0.823 8.983 5.53 5
-0.813 8.983 5.632 5
-0.743 8.938 5.793 5
-0.728 8.904 5.9 5
-0.765 8.861 5.925 5
-0.861 8.848 5.972 5
-0.983 8.848 5.995 5
-1.122 8.956 5.918 5
-1.26 9.062 5.902 5
-1.466 9.143 5.813 5
-1.568 9.192 5.709 5
-1.579 9.193 5.684 5
-1.53 9.173 5.629 5
-1.451 9.14 5.562 5
-1.399 9.113 5.375 5
-1.39 9.046 5.233 5
-1.269 8.997 5.074 5
-1.174 8.965 4.986 5
-1.097 8.947 5.084 5
-1.033 8.955 5.296 5
-1.02 8.985 5.437 5
-1.033 9.039 5.534 5
-1.009 9.122 5.603 5
-1.016 9.115 5.641 5
-1.033 9.097 5.604 6
-1.059 9.113 5.506 5
-1.143 9.071 5.346 5
-1.155 9.047 5.236 5
-1.148 9.04 5.211 5
-1.19 9.04 5.192 5
-1.197 9.023 5.07 5
-1.173 8.988 5.018 5
-1.11 8.944 4.999 5
-1.014 8.944 4.849 5
-1.014 8.955 4.755 5
-1.03 8.995 4.649 5
-0.997 9.085 4.633 5
-1.034 9.182 4.602 5
-1.132 9.232 4.602 5
-1.202 9.267 4.598 5
-1.107 9.331 4.605 5
-0.978 9.355 4.365 5
-0.938 9.337 4.09 5
-1.074 9.327 3.886 5
-1.25 9.338 3.745 5
-1.467 9.366 3.612 5
-1.695 9.398 3.482 5
-1.853 9.427 3.33 5
-2.001 9.476 3.291 5
-2.023 9.487 3.218 5
-1.868 9.409 3.198 5
-1.548 9.307 3.253 5
-1.219 9.167 3.387 6
-1.023 9.025 3.64 5
-0.975 8.922 3.792 5
-0.92 8.8 3.775 5
-0.847 8.7 3.779 5
-0.806 8.611 3.73 5
-0.777 8.54 3.57 5
-0.719 8.492 3.26 5
-0.695 8.382 2.889 5
-0.689 8.242 2.469 5
-0.724 8.089 2.033 5
-0.85 8.053 1.791 5
-1.036 8.107 1.772 5
-1.17 8.18 1.895 5
-1.262 8.228 1.901 5
-1.392 8.255 1.874 5
-1.62 8.255 1.72 5
-1.868 8.236 1.443 5
-1.957 8.22 1.229 5
-1.965 8.119 1.272 5
-1.842 8.027 1.357 5
-1.792 7.96 1.945 5
-1.636 7.843 2.462 5
-1.406 7.77 2.609 5
-1.177 7.637 2.46 5
-0.983 7.496 2.185 5
-0.861 7.324 1.865 5
-0.705 7.228 1.613 5
-0.499 7.196 1.493 6
-0.385 7.155 1.291 5
-0.336 7.157 1.021 5
-0.343 7.2 0.846 5
-0.382 7.23 0.766 5
-0.412 7.269 0.756 5
-0.622 7.308 0.747 5
-0.858 7.437 0.746 5
-1.201 7.559 0.734 5
-1.495 7.693 0.794 5
-1.604 7.788 1.044 5
-1.691 7.859 1.266 5
-1.698 7.916 1.549 5
-1.665 7.989 1.688 5
-1.59 8.025 1.78 5
-1.42 7.982 1.785 5
-1.172 7.937 1.641 5
-0.984 7.895 1.429 5
-0.796 7.914 1.184 5
-0.675 7.967 0.859 5
-0.612 8.003 0.687 5
-0.664 8.008 0.479 5
-0.759 7.964 0.316 5
-0.831 7.931 0.276 5
-0.856 7.896 0.398 5
-0.975 7.986 0.592 5
-1.087 8.069 0.812 5
-1.16 8.191 1.129 5
-1.248 8.266 1.477 6
-1.325 8.353 1.777 5
-1.413 8.382 1.995 5
-1.547 8.357 2.129 5
-1.554 8.385 2.199 5
-1.535 8.404 2.192 5
-1.533 8.38 2.162 5
-1.414 8.328 2.197 5
-1.262 8.254 2.164 5
-1.1 8.105 2.054 5
-0.924 8.021 1.769 5
-0.786 7.955 1.458 5
-0.723 7.936 1.206 5
-0.689 8.006 0.951 5
-0.726 8.018 0.818 5
-0.764 8.043 0.84 5
-0.803 8.09 0.907 5
-0.916 8.121 0.92 5
-1.028 8.163 0.814 5
-1.092 8.178 0.688 5
-1.159 8.178 0.601 5
-1.23 8.167 0.542 5
-1.247 8.111 0.533 5
-1.175 8.057 0.585 5
-1.061 8.006 0.685 5
-1.064 7.981 0.721 5
-1.055 7.914 0.71 5
-1.075 7.849 0.651 5
-0.987 7.815 0.529 5
-0.914 7.838 0.421 6
-0.86 7.833 0.285 5
-0.823 7.808 0.199 5
-0.834 7.795 0.172 5
-0.874 7.811 0.123 5
-0.921 7.817 0.076 5
-0.961 7.833 0.069 5
-1.06 7.769 0.057 5
-1.181 7.738 0.075 5
-1.295 7.699 0.189 5
-1.349 7.69 0.296 5
-1.33 7.651 0.374 5
-1.3 7.602 0.421 5
-1.215 7.552 0.408 5
-1.104 7.565 0.432 5
-1.023 7.582 0.489 5
-0.99 7.606 0.522 5
-0.957 7.615 0.555 5
-0.97 7.617 0.581 5
-0.939 7.604 0.648 5
-0.942 7.571 0.745 5
-0.957 7.498 0.843 5
-1.016 7.44 0.985 5
-1.03 7.373 1.115 5
-0.976 7.342 1.206 5
-0.976 7.339 1.245 5
-0.892 7.354 1.228 5
-0.894 7.333 1.277 5
-0.893 7.324 1.212 6
-0.924 7.349 1.049 5
-0.937 7.447 0.959 5
-0.928 7.489 0.929 5
-0.889 7.498 0.91 5
-0.82 7.493 0.919 5
-0.717 7.367 0.943 5
-0.528 7.233 1.041 5
-0.404 7.135 1.185 5
-0.382 7.072 1.329 5
-0.506 7.004 1.531 5
-0.604 6.971 1.703 5
-0.791 6.958 1.922 5
-1.049 6.896 2.18 5
-1.254 6.929 2.477 5
-1.35 7.043 2.754 5
-1.344 7.213 2.926 5
-1.338 7.465 2.96 5
-1.321 7.722 2.767 5
-1.404 7.955 2.39 5
-1.506 8.092 1.795 5
-1.554 8.159 1.064 5
-1.57 8.176 0.42 5
-1.639 8.197 -0.114 5
-1.836 8.216 -0.476 5
-2.015 8.124 -0.579 5
-1.998 8.051 -0.562 5
-1.754 7.931 -0.473 5
-1.536 7.78 -0.124 6
-1.343 7.595 0.625 5
-1.185 7.558 1.479 5
-0.973 7.635 2.332 5
-0.697 7.725 3.237 5
-0.624 7.783 4.12 5
-0.565 7.87 4.84 5
-0.631 8.044 5.363 5
-0.813 8.343 5.446 5
-1.085 8.66 5.131 5
-1.458 8.914 4.405 5
-1.798 9.101 3.453 5
-2.218 9.157 2.594 5
-2.498 9.218 1.937 5
-2.707 9.249 1.551 5
-2.677 9.278 1.444 5
-2.459 9.232 1.564 5
-1.975 9.089 1.866 5
-1.331 8.863 2.248 5
-0.578 8.543 2.891 5
0.055 8.365 3.796 5
0.551 8.444 4.795 5
0.783 8.684 5.702 5
0.715 9.031 6.203 5
0.367 9.396 6.32 5
-0.233 9.712 5.982 5
-0.91 9.991 5.278 5
-1.419 10.177 4.617 5
-1.853 10.333 4.011 6
-2.269 10.478 3.656 5
-2.66 10.546 3.593 5
-2.955 10.594 3.653 5
-3.19 10.594 3.807 5
-4.037 10.119 4.364 5
-3.14 10.418 4.467 5
-2.578 10.604 4.661 5
-2.275 10.701 5.041 5
-1.897 10.878 5.309 5
-1.523 11.041 5.562 5
-1.343 11.027 5.713 5
-1.26 10.873 5.663 5
-1.151 10.69 5.449 5
-1.016 10.633 5.265 5
-0.976 10.649 5.111 5
-0.988 10.63 5.081 5
-1.142 10.645 5.153 5
-1.375 10.694 5.223 5
-1.637 10.779 5.247 5
-1.932 10.83 5.327 5
-2.307 10.888 5.439 5
-2.565 10.962 5.522 5
-2.596 11.073 5.692 5
-2.345 11.134 5.808 5
-1.98 11.124 5.945 5
-1.657 10.992 5.959 5
-1.352 10.859 5.923 5
-1.003 10.681 5.794 5
-0.761 10.525 5.674 6
-0.652 10.421 5.539 5
-0.678 10.367 5.431 5
-0.815 10.343 5.304 5
-1.041 10.317 5.147 5
-1.335 10.306 5.016 5
-1.621 10.336 4.961 5
-1.819 10.312 4.946 5
-1.857 10.253 4.961 5
-1.768 10.092 4.995 5
-1.646 9.921 5.067 5
-1.422 9.724 5.07 5
-1.134 9.522 5.075 5
-0.875 9.384 5.066 5
-0.686 9.23 5.027 5
-0.631 9.117 5.064 5
-0.672 9.058 5.021 5
-0.741 9.013 5.056 5
-0.863 8.963 5.068 5
-0.968 8.929 5.058 5
-1.142 8.861 4.973 5
-1.385 8.821 4.916 5
-1.602 8.796 4.857 5
-1.759 8.81 4.695 5
-1.804 8.757 4.596 5
-1.808 8.694 4.478 5
-1.738 8.599 4.424 5
-1.597 8.497 4.405 5
-1.393 8.4 4.385 6
-1.136 8.302 4.312 5
-1.054 8.257 4.238 5
-1.087 8.211 4.185 5
-1.072 8.317 4.241 5
-1.072 8.411 4.293 5
-1.033 8.542 4.29 5
-1.087 8.566 4.269 5
-1.181 8.622 4.161 5
-1.194 8.704 4.087 5
-1.124 8.774 4.067 5
-1.03 8.812 4.172 5
-0.896 8.836 4.257 5
-0.843 8.864 4.359 5
-0.914 8.875 4.503 5
-0.958 8.932 4.658 5
-0.923 9.034 4.815 5
-0.899 9.117 5.019 5
-0.861 9.166 5.249 5
-0.861 9.236 5.497 5
-0.893 9.349 5.621 5
-0.943 9.461 5.723 5
-1.002 9.49 5.696 5
-1.077 9.575 5.658 5
-1.145 9.666 5.613 5
-1.24 9.818 5.585 5
-1.432 9.967 5.527 5
-1.564 10.041 5.44 5
-1.608 10.094 5.382 6
-1.616 10.113 5.401 5
-1.545 10.069 5.401 5
-1.48 10.036 5.417 5
-1.457 9.976 5.425 5
-1.459 9.959 5.481 5
-1.347 9.934 5.516 5
-1.23 9.921 5.552 5
-1.075 9.856 5.627 5
-0.959 9.788 5.603 5
-0.769 9.734 5.621 5
-0.627 9.692 5.611 5
-0.468 9.724 5.579 5
-0.434 9.71 5.593 5
-0.442 9.759 5.576 5
-0.461 9.832 5.624 5
-0.493 9.89 5.566 5
-0.542 9.902 5.49 5
-0.573 9.884 5.422 5
-0.72 9.864 5.285 5
-0.803 9.864 5.162 5
-0.827 9.864 5.114 5
-0.842 9.844 5.133 5
-0.818 9.819 5.151 5
-0.743 9.773 5.157 5
-0.694 9.666 5.1 5
-0.626 9.634 5.191 5
-0.608 9.649 5.41 5
-0.592 9.672 5.614 6
-0.537 9.672 5.76 5
-0.525 9.663 5.761 5
-0.574 9.614 5.755 5
-0.593 9.551 5.795 5
-0.614 9.458 5.786 5
-0.65 9.398 5.816 5
-0.685 9.396 5.769 5
-0.858 9.387 5.696 5
-1.037 9.388 5.491 5
-1.224 9.388 5.263 5
-1.368 9.339 5.033 5
-1.471 9.272 4.757 5
-1.541 9.246 4.502 5
-1.56 9.241 4.307 5
-1.55 9.281 4.037 5
-1.47 9.288 3.633 5
-1.384 9.257 3.179 5
-1.251 9.232 2.956 5
-1.138 9.248 2.928 5
-1.132 9.187 2.836 5
-1.148 9.114 2.706 5
-1.148 8.952 2.568 5
-1.186 8.869 2.472 5
-1.239 8.825 2.499 5
-1.262 8.79 2.706 5
-1.229 8.695 3.274 5
-1.273 8.631 4.1 5
-1.424 8.509 4.748 5
-1.521 8.387 5.02 6
-1.55 8.265 5.073 5
-1.567 8.137 4.989 5
-1.73 8.146 4.899 5
-2.002 8.205 4.709 5
-2.2 8.33 4.447 5
-2.206 8.385 4.215 5
-2.112 8.448 3.798 5
-2.021 8.45 3.248 5
-1.924 8.429 2.66 5
-1.792 8.433 2.1 5
-1.766 8.36 1.698 5
-1.746 8.262 1.348 5
-1.671 8.098 1.197 5
-1.557 7.927 1.158 5
-1.37 7.784 1.223 5
-1.167 7.68 1.379 5
-1.223 7.715 1.501 5
-1.362 7.757 1.675 5
-1.335 7.788 1.934 5
-1.174 7.713 2.304 5
-1.011 7.633 2.624 5
-0.876 7.523 2.856 5
-0.789 7.454 2.911 5
-0.709 7.387 2.927 5
-0.578 7.242 2.849 5
-0.446 7.159 2.721 5
-0.305 7.086 2.547 5
-0.251 7.062 2.278 6
-0.199 7.027 1.989 5
-0.191 7.01 1.625 5
-0.131 6.992 1.245 5
-0.092 7.024 0.794 5
-0.069 7.098 0.464 5
-0.111 7.178 0.01 5
-0.252 7.209 -0.34 5
-0.389 7.258 -0.645 5
-0.54 7.349 -0.846 5
-0.651 7.471 -0.956 5
-0.733 7.588 -0.86 5
-0.928 7.685 -0.668 5
-1.172 7.734 -0.368 5
-1.362 7.818 -0.028 5
-1.587 7.874 0.312 5
-1.721 7.935 0.591 5
-1.904 7.93 0.847 5
-2.064 7.987 1.272 5
-2.116 8.005 1.651 5
-2.077 8.025 1.968 5
-1.931 8.063 2.146 5
-1.828 8.034 2.183 5
-1.684 7.99 2.139 5
-1.513 8.022 1.992 5
-1.304 7.967 1.829 5
-1.125 7.96 1.754 5
-0.917 7.935 1.73 5
-0.788 7.965 1.742 6
-0.765 7.967 1.758 5
-0.765 7.958 1.752 5
-0.721 7.919 1.791 5
-0.706 7.948 1.836 5
-0.65 7.936 1.738 5
-0.684 7.91 1.696 5
-0.724 7.91 1.704 5
-0.879 7.896 1.718 5
-0.987 7.953 1.832 5
-0.95 8.052 1.89 5
-0.974 8.155 1.951 5
-1.038 8.202 1.921 5
-1.043 8.207 1.848 5
-0.989 8.182 1.76 5
-0.895 8.277 1.642 5
-0.835 8.35 1.508 5
-0.907 8.412 1.302 5
-1.021 8.444 1.026 5
-1.137 8.468 0.755 5
-1.218 8.477 0.665 5
-1.29 8.465 0.619 5
-1.375 8.465 0.594 5
-1.436 8.48 0.636 5
-1.445 8.446 0.671 5
-1.409 8.412 0.765 5
-1.262 8.45 0.947 5
-1.231 8.523 1.105 5
-1.217 8.561 1.215 6
-1.174 8.544 1.228 5
-1.167 8.472 1.197 5
-1.151 8.408 1.091 5
-1.143 8.354 0.934 5
-1.073 8.331 0.862 5
-0.99 8.331 0.886 5
-0.966 8.351 0.92 5
-0.926 8.416 0.923 5
-0.913 8.468 0.858 5
-0.855 8.497 0.772 5
-0.833 8.449 0.697 5
-0.838 8.41 0.62 5
-0.816 8.386 0.536 5
-0.759 8.361 0.553 5
-0.686 8.323 0.629 5
-0.612 8.255 0.727 5
-0.52 8.216 0.864 5
-0.457 8.165 1.121 5
-0.424 8.136 1.416 5
-0.441 8.087 1.582 5
-0.466 8.195 1.718 5
-0.49 8.365 1.706 5
-0.583 8.425 1.582 5
-0.754 8.391 1.4 5
-0.948 8.278 1.27 5
-1.075 8.167 1.137 5
-1.224 8.026 1.149 5
-1.258 7.946 1.331 5
-1.244 7.87 1.539 6
-1.197 7.837 1.687 5
-1.04 7.795 1.804 5
-0.89 7.788 1.853 5
-0.792 7.751 1.914 5
-0.783 7.755 1.917 5
-0.868 7.852 1.984 5
-0.899 7.964 1.883 5
-0.998 8.09 1.603 5
-1.111 8.179 1.203 5
-1.197 8.274 0.67 5
-1.235 8.284 0.21 5
-1.354 8.293 -0.197 5
-1.462 8.268 -0.463 5
-1.531 8.202 -0.447 5
-1.569 8.128 -0.138 5
-1.624 8.048 0.405 5
-1.508 7.99 1.034 5
-1.213 7.893 1.625 5
-0.914 7.795 2.186 5
-0.647 7.639 2.711 5
-0.48 7.527 3.266 5
-0.45 7.538 3.752 5
-0.491 7.674 4.231 5
-0.623 7.868 4.52 5
-0.737 8.046 4.453 5
-0.86 8.228 4.031 5
-1.113 8.363 3.387 5
-1.368 8.435 2.581 6
-1.615 8.502 1.914 5
-1.757 8.614 1.425 5
-1.898 8.737 0.931 5
-1.983 8.829 0.639 5
-2.01 8.796 0.39 5
-1.913 8.594 0.309 5
-1.623 8.327 0.345 5
-1.169 8.106 0.375 5
-0.643 7.948 0.575 5
-0.153 7.783 0.923 5
0.199 7.759 1.529 5
0.411 7.699 2.198 5
0.489 7.729 2.941 5
0.356 7.838 3.697 5
0.07 7.99 4.307 5
-0.304 8.161 4.67 5
-0.687 8.315 4.684 5
-1.045 8.475 4.492 5
-1.503 8.573 4.208 5
-1.853 8.709 3.853 5
-2.153 8.826 3.37 5
-2.285 8.904 2.818 5
-2.403 8.983 2.202 5
-2.387 9.017 1.587 5
-2.149 9.04 1.123 5
-1.727 9.034 0.989 5
-1.203 9.021 1.175 5
-0.75 9.037 1.533 6
-0.364 9.086 2.015 5
-0.054 9.168 2.601 5
0.084 9.265 3.236 5
-0.087 9.418 3.814 5
-0.408 9.503 4.134 5
-0.749 9.625 4.407 5
-1.106 9.732 4.621 5
-1.558 9.865 4.872 5
-2.118 9.902 4.986 5
-2.621 9.929 4.999 5
-2.892 9.955 4.881 5
-2.851 9.921 4.732 5
-2.575 9.897 4.643 5
-2.06 9.85 4.721 5
-1.522 9.77 4.937 5
-0.996 9.629 5.305 5
-0.47 9.655 5.695 5
-0.169 9.722 6.039 5
-0.041 9.769 6.28 5
-0.16 9.78 6.545 5
-0.451 9.78 6.596 5
-0.794 9.872 6.554 5
-0.995 9.972 6.391 5
-1.158 10.011 6.196 5
-1.38 9.938 5.947 5
-1.53 9.827 5.597 5
-1.555 9.82 5.222 5
-1.57 9.776 4.986 6
-1.554 9.733 4.941 5
-1.565 9.731 4.986 5
-1.499 9.755 5.117 5
-1.355 9.756 5.384 5
-1.179 9.697 5.719 5
-0.991 9.701 5.957 5
-0.812 9.619 6.095 5
-0.616 9.562 6.203 5
-0.517 9.576 6.339 5
-0.526 9.6 6.224 5
-0.606 9.635 6.116 5
-0.806 9.653 5.962 5
-1.046 9.672 5.806 5
-1.221 9.679 5.555 5
-1.282 9.727 5.36 5
-1.265 9.749 5.255 5
-1.305 9.771 5.1 5
-1.321 9.787 4.968 5
-1.293 9.759 4.786 5
-1.167 9.73 4.712 5
-1.026 9.672 4.734 5
-0.936 9.651 4.682 5
-0.903 9.634 4.61 5
-0.824 9.653 4.549 5
-0.849 9.646 4.434 5
-0.861 9.609 4.386 5
-0.878 9.595 4.386 5
-0.933 9.512 4.4 5
-1.039 9.472 4.463 6
-1.147 9.475 4.547 5
-1.206 9.5 4.674 5
-1.29 9.508 4.807 5
-1.391 9.47 4.956 5
-1.448 9.445 5.094 5
-1.391 9.458 5.254 5
-1.29 9.416 5.363 5
-1.169 9.367 5.483 5
-1.096 9.276 5.497 5
-0.965 9.137 5.573 5
-0.874 9.032 5.573 5
-0.752 8.931 5.602 5
-0.709 8.866 5.611 5
-0.851 8.769 5.576 5
-1.005 8.704 5.481 5
-1.152 8.647 5.439 5
-1.252 8.634 5.503 5
-1.335 8.577 5.591 5
-1.384 8.529 5.663 5
-1.415 8.487 5.634 5
-1.37 8.43 5.627 5
-1.349 8.351 5.603 5
-1.402 8.317 5.564 5
-1.453 8.352 5.513 5
-1.386 8.419 5.348 5
-1.294 8.468 5.147 5
-1.164 8.485 4.864 5
-0.999 8.478 4.63 6
-0.827 8.42 4.36 5
-0.708 8.408 4.169 5
-0.725 8.426 4.119 5
-0.972 8.435 4.137 5
-1.233 8.512 4.156 5
-1.36 8.619 4.248 5
-1.396 8.677 4.351 5
-1.359 8.689 4.491 5
-1.348 8.642 4.619 5
-1.323 8.602 4.684 5
-1.244 8.604 4.714 5
-1.072 8.645 4.746 5
-0.95 8.67 4.859 5
-0.9 8.712 4.976 5
-0.893 8.757 5.116 5
-0.966 8.791 5.009 5
-1.04 8.884 4.842 5
-1.127 9.005 4.744 5
-1.085 9.097 4.623 5
-1.049 9.136 4.597 5
-1.0 9.136 4.713 5
-0.84 9.089 4.785 5
-0.676 9.016 4.876 5
-0.671 8.93 4.904 5
-0.633 8.851 4.977 5
-0.646 8.862 5.173 5
-0.602 8.945 5.402 5
-0.574 9.012 5.586 6
-0.476 9.062 5.63 5
-0.421 9.129 5.575 5
-0.382 9.178 5.417 5
-0.449 9.243 5.213 5
-0.522 9.333 5.026 5
-0.554 9.405 4.961 5
-0.554 9.555 4.947 5
-0.554 9.614 4.904 5
-0.578 9.677 4.984 5
-0.613 9.691 5.058 5
-0.707 9.661 5.144 5
-0.752 9.636 5.133 5
-0.842 9.679 5.139 5
-0.865 9.691 5.164 5
-0.897 9.725 5.154 5
-1.02 9.799 5.19 5
-1.044 9.888 5.149 5
-1.033 9.948 5.068 5
-1.015 9.997 4.981 5
-0.909 9.959 4.917 5
-0.87 9.949 4.923 5
-0.83 9.91 4.987 5
-0.762 9.939 5.026 5
-0.707 9.921 5.126 5
-0.693 9.909 5.078 5
-0.674 9.816 5.056 5
-0.682 9.736 5.009 5
-0.608 9.655 5.04 6
-0.5 9.606 5.032 5
-0.459 9.501 5.018 5
-0.488 9.495 4.976 5
-0.547 9.481 5.038 5
-0.589 9.511 5.072 5
-0.472 9.517 5.072 5
-0.367 9.493 4.996 5
-0.318 9.481 4.838 5
-0.463 9.498 4.564 5
-0.651 9.552 4.284 5
-0.78 9.64 4.011 5
-0.92 9.714 3.857 5
-1.09 9.806 3.697 5
-1.315 9.85 3.493 5
-1.475 9.895 3.357 5
-1.571 9.874 3.329 5
-1.714 9.864 3.319 5
-1.833 9.871 3.392 5
-1.784 9.846 3.416 5
-1.62 9.738 3.496 5
-1.365 9.59 3.611 5
-1.164 9.445 3.684 5
-1.007 9.404 3.758 5
-0.918 9.404 3.849 5
-0.94 9.439 3.809 5
-1.016 9.502 3.701 5
-1.018 9.503 3.485 5
-0.916 9.477 3.332 5
-0.899 9.414 3.124 6
-0.924 9.341 2.953 5
-0.973 9.292 2.821 5
-0.991 9.255 2.67 5
-0.922 9.158 2.615 5
-0.833 9.032 2.591 5
-0.784 8.924 2.606 5
-0.768 8.879 2.744 5
-0.727 8.917 2.875 5
-0.727 8.909 2.86 5
-0.74 8.887 2.863 5
-0.681 8.872 2.705 5
-0.632 8.811 2.449 5
-0.594 8.738 2.198 5
-0.52 8.695 2.007 5
-0.44 8.582 1.756 5
-0.392 8.442 1.595 5
-0.284 8.292 1.455 5
-0.168 8.219 1.406 5
-0.038 8.156 1.357 5
0.132 8.075 1.308 5
0.221 7.942 1.214 5
0.116 7.853 1.025 5
-0.018 7.719 0.722 5
-0.218 7.59 0.453 5
-0.326 7.477 0.228 5
-0.485 7.431 0.067 5
-0.631 7.474 0.072 5
-0.769 7.529 0.12 6
-0.917 7.609 0.345 5
-0.957 7.623 0.556 5
-0.875 7.655 0.776 5
-0.784 7.639 1.046 5
-0.754 7.638 1.348 5
-0.618 7.661 1.539 5
-0.501 7.607 1.625 5
-0.389 7.502 1.614 5
-0.325 7.355 1.418 5
-0.232 7.209 1.208 5
-0.17 7.086 1.049 5
-0.103 7.055 0.92 5
-0.004 7.018 0.836 5
0.036 7.01 0.738 5
0.022 6.969 0.682 5
0.07 6.968 0.593 5
0.154 6.991 0.432 5
0.118 7.009 0.365 5
-0.095 7.123 0.415 5
-0.401 7.23 0.526 5
-0.62 7.337 0.668 5
-0.788 7.375 0.767 5
-0.898 7.418 0.822 5
-1.033 7.465 0.957 5
-1.172 7.539 1.062 5
-1.198 7.543 1.231 5
-1.132 7.527 1.288 5
-1.031 7.5 1.361 6
-0.811 7.47 1.342 5
-0.581 7.47 1.18 5
-0.342 7.373 0.936 5
-0.147 7.275 0.752 5
-0.051 7.164 0.708 5
0.019 7.163 0.721 5
-0.041 7.136 0.793 5
-0.157 7.177 0.84 5
-0.317 7.254 0.959 5
-0.415 7.368 1.13 5
-0.539 7.533 1.3 5
-0.796 7.64 1.322 5
-1.138 7.694 1.307 5
-1.429 7.748 1.282 5
-1.558 7.772 1.123 5
-1.589 7.773 0.912 5
-1.595 7.744 0.804 5
-1.549 7.757 0.719 5
-1.427 7.706 0.672 5
-1.232 7.632 0.533 5
-0.988 7.568 0.5 5
-0.772 7.532 0.438 5
-0.633 7.508 0.27 5
-0.627 7.575 0.196 5
-0.72 7.624 0.112 5
-0.826 7.703 0.015 5
-0.864 7.682 -0.099 5
-0.933 7.713 -0.186 6
-1.114 7.738 -0.308 5
-1.359 7.738 -0.378 5
-1.458 7.686 -0.376 5
-1.431 7.614 -0.293 5
-1.268 7.534 -0.091 5
-1.092 7.508 0.075 5
-0.979 7.479 0.238 5
-0.798 7.487 0.555 5
-0.555 7.423 0.81 5
-0.315 7.294 1.05 5
-0.182 7.245 1.274 5
-0.109 7.196 1.433 5
-0.043 7.234 1.579 5
-0.09 7.273 1.623 5
-0.257 7.361 1.72 5
-0.55 7.449 1.692 5
-0.897 7.583 1.514 5
-1.17 7.643 1.209 5
-1.376 7.751 0.854 5
-1.611 7.857 0.719 5
-1.824 7.934 0.686 5
-1.869 7.966 0.665 5
-1.771 7.867 0.702 5
-1.618 7.763 0.744 5
-1.323 7.574 0.853 5
-0.922 7.361 1.101 5
-0.486 7.103 1.513 5
-0.074 6.875 1.996 5
0.194 6.796 2.697 6
0.185 6.709 3.421 5
0.039 6.7 4.056 5
-0.186 6.813 4.324 5
-0.334 7.011 4.276 5
-0.506 7.292 4.215 5
-0.766 7.531 4.072 5
-1.108 7.737 3.84 5
-1.402 7.885 3.514 5
-1.488 8.095 3.102 5
-1.494 8.274 2.461 5
-1.567 8.312 1.66 5
-1.662 8.269 0.843 5
-1.623 8.203 0.144 5
-1.36 8.11 -0.272 5
-0.975 7.98 -0.217 5
-0.721 7.834 0.265 5
-0.562 7.777 1.029 5
-0.493 7.791 1.986 5
-0.515 7.785 2.796 5
-0.627 7.853 3.295 5
-0.769 7.934 3.705 5
-0.943 8.142 4.053 5
-1.19 8.345 4.279 5
-1.393 8.622 4.361 5
-1.44 8.846 4.114 5
-1.497 8.994 3.607 5
-1.557 9.04 2.858 5
-1.588 8.895 1.937 6
-1.585 8.747 1.02 5
-1.57 8.61 0.348 5
-1.482 8.547 -0.069 5
-1.154 8.542 -0.063 5
-0.745 8.512 0.428 5
-0.473 8.413 1.188 5
-0.385 8.339 2.15 5
-0.377 8.336 3.189 5
-0.321 8.416 4.189 5
-0.234 8.549 5.037 5
-0.283 8.708 5.649 5
-0.438 8.849 5.927 5
-0.794 9.059 5.861 5
-1.192 9.254 5.515 5
-1.576 9.429 4.809 5
-1.722 9.588 3.749 5
-1.75 9.676 2.623 5
-1.759 9.741 1.697 5
-1.558 9.877 1.237 5
-1.094 9.959 1.337 5
-0.657 9.986 1.971 5
-0.315 9.998 2.956 5
-0.093 10.064 4.121 5
0.077 10.123 5.283 5
0.1 10.241 6.282 5
-0.105 10.349 7.055 5
-0.417 10.489 7.57 5
-0.907 10.634 7.699 6
-1.388 10.821 7.733 5
-1.738 11.008 7.528 5
-1.974 11.138 7.007 5
-2.043 11.218 6.543 5
-2.03 11.261 6.195 5
-1.978 11.286 6.048 5
-1.777 11.261 6.132 5
-1.594 11.148 6.437 5
-1.428 11.069 6.868 5
-1.321 11.032 7.485 5
-1.367 10.994 7.997 5
-1.533 11.028 8.377 5
-1.747 11.003 8.561 5
-1.893 11.059 8.52 5
-1.982 11.057 8.249 5
-2.01 11.014 7.841 5
-2.025 10.922 7.305 5
-2.068 10.839 6.77 5
-2.083 10.756 6.279 5
-1.976 10.645 5.923 5
-1.707 10.552 5.72 5
-1.415 10.405 5.743 5
-1.184 10.208 5.885 5
-0.956 9.997 6.235 5
-0.802 9.86 6.574 5
-0.754 9.752 6.84 5
-0.897 9.692 6.989 5
-1.155 9.73 7.067 6
-1.343 9.76 7.027 5
-1.413 9.772 6.883 5
-1.409 9.724 6.562 5
-1.294 9.612 6.122 5
-1.184 9.454 5.683 5
-1.079 9.283 5.278 5
-0.945 9.176 5.026 5
-0.769 9.08 4.816 5
-0.644 8.99 4.634 5
-0.574 8.83 4.521 5
-0.568 8.722 4.492 5
-0.544 8.617 4.551 5
-0.567 8.537 4.593 5
-0.674 8.485 4.624 5
-0.755 8.471 4.712 5
-0.828 8.41 4.748 5
-0.877 8.371 4.734 5
-0.805 8.324 4.708 5
-0.701 8.258 4.71 5
-0.655 8.161 4.759 5
-0.803 8.101 4.826 5
-0.918 8.096 4.908 5
-0.929 8.093 4.838 5
-0.906 8.149 4.58 5
-0.834 8.136 4.315 5
-0.744 8.08 4.152 5
-0.633 8.044 4.092 5
-0.54 7.991 4.204 5
-0.512 7.941 4.438 6
-0.515 7.901 4.667 5
-0.535 7.919 4.91 5
-0.516 7.987 5.135 5
-0.5 8.041 5.314 5
-0.469 8.104 5.382 5
-0.446 8.168 5.366 5
-0.427 8.259 5.22 5
-0.507 8.315 5.101 5
-0.567 8.35 4.943 5
-0.574 8.422 4.761 5
-0.535 8.565 4.585 5
-0.554 8.693 4.521 5
-0.588 8.819 4.544 5
-0.574 9.004 4.658 5
-0.57 9.12 4.83 5
-0.462 9.218 4.949 5
-0.339 9.267 5.064 5
-0.201 9.293 5.14 5
-0.118 9.364 5.205 5
-0.031 9.474 5.178 5
0.072 9.554 5.206 5
0.118 9.684 5.234 5
0.039 9.785 5.352 5
-0.024 9.888 5.455 5
-0.039 9.999 5.479 5
-0.106 10.078 5.535 5
-0.21 10.143 5.502 5
-0.333 10.151 5.527 6
-0.456 10.213 5.626 5
-0.635 10.27 5.6 5
-0.804 10.355 5.625 5
-0.896 10.399 5.613 5
-0.972 10.434 5.591 5
-0.919 10.4 5.488 5
-0.836 10.395 5.473 5
-0.744 10.381 5.476 5
-0.683 10.4 5.439 5
-0.647 10.4 5.406 5
-0.615 10.433 5.415 5
-0.677 10.422 5.447 5
-0.742 10.423 5.512 5
-0.765 10.374 5.574 5
-0.765 10.307 5.593 5
-0.756 10.195 5.566 5
-0.727 10.113 5.487 5
-0.667 10.059 5.452 5
-0.731 10.033 5.338 5
-0.878 9.991 5.216 5
-1.098 10.028 5.145 5
-1.201 10.053 5.014 5
-1.184 10.074 4.972 5
-1.136 10.042 4.93 5
-1.051 9.984 4.941 5
-0.996 9.979 4.886 5
-0.899 9.979 4.818 5
-0.909 9.979 4.643 6
-0.918 9.994 4.408 5
-0.977 9.96 4.228 5
-1.027 9.953 4.118 5
-1.126 9.867 3.998 5
-1.215 9.861 3.811 5
-1.191 9.8 3.612 5
-1.045 9.719 3.418 5
-0.823 9.613 3.271 5
-0.561 9.503 3.181 5
-0.349 9.366 3.256 5
-0.149 9.239 3.353 5
0.034 9.129 3.527 5
0.214 9.057 3.698 5
0.268 9.008 3.716 5
0.198 8.971 3.704 5
-0.117 8.98 3.612 5
-0.648 9.011 3.302 5
-1.061 9.092 2.93 5
-1.306 9.19 2.709 5
-1.527 9.25 2.625 5
-1.902 9.337 2.811 5
-2.512 9.406 3.15 5
-2.922 9.534 3.558 5
-2.919 9.554 3.82 5
-2.736 9.506 3.893 5
-2.505 9.422 3.701 5
-2.16 9.266 3.366 5
-1.693 9.079 3.066 6
-1.173 8.924 2.765 5
-0.726 8.794 2.515 5
-0.348 8.734 2.282 5
-0.228 8.642 2.062 5
-0.161 8.579 1.723 5
-0.199 8.515 1.528 5
-0.354 8.529 1.529 5
-0.493 8.593 1.494 5
-0.675 8.532 1.542 5
-1.056 8.452 1.639 5
-1.41 8.321 1.605 5
-1.784 8.265 1.624 5
-2.159 8.282 1.721 5
-2.392 8.35 1.819 5
-2.537 8.446 2.096 5
-2.545 8.446 2.382 5
-2.481 8.431 2.564 5
-2.342 8.406 2.645 5
-2.132 8.368 2.627 5
-1.937 8.27 2.493 5
-1.667 8.165 2.329 5
-1.298 8.0 2.141 5
-0.954 7.794 1.847 5
-0.735 7.554 1.598 5
-0.515 7.199 1.512 5
-0.274 6.909 1.439 5
0.074 6.704 1.526 5
0.338 6.547 1.376 5
0.322 6.531 1.028 6
-0.036 6.553 0.71 5
-0.62 6.663 0.382 5
-1.157 6.845 0.093 5
-1.553 7.051 0.012 5
-1.786 7.319 -0.14 5
-1.957 7.46 -0.248 5
-2.301 7.45 -0.362 5
-2.547 7.445 -0.27 5
-2.664 7.431 -0.122 5
-2.552 7.447 0.042 5
-2.309 7.404 0.227 5
-1.991 7.306 0.415 5
-1.648 7.183 0.573 5
-1.265 7.055 0.666 5
-0.905 6.863 0.681 5
-0.597 6.677 0.633 5
-0.305 6.55 0.454 5
0.023 6.531 0.127 5
0.151 6.537 -0.145 5
0.192 6.55 -0.394 5
0.175 6.55 -0.508 5
0.044 6.574 -0.61 5
-0.304 6.653 -0.555 5
-0.657 6.812 -0.42 5
-0.981 7.001 -0.292 5
-1.286 7.215 -0.236 5
-1.492 7.392 -0.163 5
-1.623 7.567 -0.046 6
-1.743 7.643 0.04 5
-1.786 7.68 0.119 5
-1.799 7.669 0.217 5
-1.75 7.694 0.249 5
-1.723 7.661 0.258 5
-1.731 7.645 0.144 5
-1.755 7.623 -0.001 5
-1.67 7.531 -0.111 5
-1.507 7.471 -0.185 5
-1.311 7.383 -0.248 5
-1.189 7.384 -0.282 5
-1.066 7.318 -0.346 5
-0.901 7.342 -0.364 5
-0.704 7.305 -0.279 5
-0.584 7.297 -0.198 5
-0.5 7.297 -0.125 5
-0.484 7.313 -0.068 5
-0.44 7.335 -0.083 5
-0.403 7.317 -0.077 5
-0.462 7.33 -0.027 5
-0.564 7.412 -0.076 5
-0.682 7.495 -0.065 5
-0.772 7.568 -0.077 5
-0.924 7.629 -0.12 5
-1.057 7.676 -0.206 5
-1.177 7.75 -0.296 5
-1.269 7.886 -0.315 5
-1.293 8.0 -0.38 6
-1.255 8.098 -0.428 5
-1.17 8.139 -0.477 5
-1.067 8.145 -0.545 5
-0.945 8.072 -0.604 5
-0.778 7.998 -0.662 5
-0.566 7.905 -0.687 5
-0.413 7.807 -0.657 5
-0.301 7.722 -0.585 5
-0.286 7.598 -0.453 5
-0.359 7.518 -0.295 5
-0.521 7.461 -0.06 5
-0.792 7.464 0.145 5
-1.011 7.507 0.304 5
-1.163 7.57 0.436 5
-1.283 7.642 0.479 5
-1.317 7.718 0.479 5
-1.443 7.788 0.58 5
-1.545 7.976 0.678 5
-1.546 8.087 0.74 5
-1.428 8.101 0.712 5
-1.333 8.047 0.689 5
-1.301 7.959 0.706 5
-1.26 7.88 0.741 5
-1.15 7.739 0.747 5
-1.052 7.675 0.949 5
-0.985 7.583 1.115 5
-0.914 7.534 1.311 5
-0.761 7.406 1.507 6
-0.735 7.315 1.7 5
-0.857 7.254 1.834 5
-0.951 7.274 1.946 5
-0.94 7.443 2.018 5
-0.878 7.628 2.136 5
-0.941 7.75 2.311 5
-1.167 7.872 2.394 5
-1.279 8.009 2.253 5
-1.3 8.142 2.089 5
-1.345 8.143 1.854 5
-1.477 8.058 1.666 5
-1.54 7.985 1.385 5
-1.625 7.912 1.067 5
-1.629 7.804 0.803 5
-1.555 7.73 0.859 5
-1.511 7.655 1.216 5
-1.601 7.603 1.763 5
-1.723 7.584 2.183 5
-1.908 7.66 2.655 5
-2.023 7.821 2.984 5
-2.001 8.031 3.246 5
-1.983 8.216 3.458 5
-1.857 8.42 3.514 5
-1.724 8.541 3.329 5
-1.651 8.579 2.832 5
-1.757 8.557 2.329 5
-1.958 8.524 1.663 5
-2.086 8.461 0.955 6
-2.027 8.387 0.397 5
-1.868 8.26 0.038 5
-1.713 8.103 -0.003 5
-1.486 7.964 0.359 5
-1.219 7.846 1.047 5
-0.934 7.78 1.941 5
-0.614 7.782 3.019 5
-0.301 7.849 4.05 5
-0.245 7.995 5.004 5
-0.361 8.166 5.663 5
-0.565 8.322 6.053 5
-0.848 8.511 6.282 5
-1.103 8.838 6.176 5
-1.462 9.156 5.677 5
-1.948 9.277 4.908 5
-2.303 9.265 4.022 5
-2.519 9.209 3.039 5
-2.578 9.136 2.273 5
-2.459 9.045 1.728 5
-2.172 8.909 1.626 5
-1.757 8.839 1.91 5
-1.341 8.829 2.49 5
-1.03 8.849 3.304 5
-0.926 8.891 4.279 5
-0.944 9.023 5.244 5
-1.19 9.326 6.049 5
-1.558 9.652 6.547 5
-2.013 10.003 6.78 5
-2.501 10.268 6.636 6
-3.025 10.488 6.222 5
-3.56 10.675 5.529 5
-3.868 10.773 4.606 5
-3.866 10.738 3.605 5
-3.722 10.624 2.673 5
-3.348 10.452 2.001 5
-2.782 10.259 1.781 5
-2.166 10.106 2.197 5
-1.618 9.926 3.004 5
-1.26 9.836 4.075 5
-1.082 9.839 5.344 5
-0.942 9.881 6.516 5
-0.97 9.958 7.416 5
-1.093 10.056 7.923 5
-1.318 10.169 8.074 5
-1.543 10.333 7.987 5
-1.812 10.502 7.572 5
-2.154 10.623 7.014 5
-2.445 10.719 6.395 5
-2.536 10.72 5.884 5
-2.617 10.687 5.527 5
-2.635 10.66 5.346 5
-2.642 10.593 5.361 5
-2.58 10.491 5.592 5
-2.438 10.379 5.965 5
-2.298 10.297 6.485 5
-2.157 10.245 6.975 5
-2.048 10.234 7.358 6
-2.01 10.223 7.567 5
-2.044 10.157 7.672 5
-2.023 10.129 7.62 5
-1.991 10.096 7.399 5
-2.005 10.033 7.027 5
-1.991 9.96 6.65 5
-2.058 9.901 6.294 5
-2.077 9.783 5.998 5
-2.068 9.668 5.791 5
-2.069 9.531 5.74 5
-2.087 9.408 5.69 5
-2.075 9.286 5.763 5
-1.999 9.164 5.888 5
-1.83 9.046 6.037 5
-1.644 8.94 6.069 5
-1.487 8.804 6.118 5
-1.436 8.696 6.186 5
-1.364 8.613 6.171 5
-1.337 8.599 6.077 5
-1.286 8.553 5.939 5
-1.286 8.542 5.705 5
-1.369 8.549 5.365 5
-1.54 8.561 4.975 5
-1.78 8.579 4.71 5
-1.887 8.638 4.57 5
-1.907 8.647 4.574 5
-1.82 8.671 4.63 5
-1.607 8.676 4.655 6
-1.442 8.608 4.743 5
-1.275 8.538 4.911 5
-1.158 8.488 5.043 5
-1.003 8.469 5.104 5
-0.864 8.511 5.226 5
-0.766 8.585 5.336 5
-0.781 8.742 5.345 5
-0.899 8.848 5.363 5
-1.057 8.952 5.318 5
-1.191 9.053 5.225 5
-1.4 9.137 5.172 5
-1.561 9.21 5.292 5
-1.578 9.283 5.487 5
-1.586 9.308 5.667 5
-1.631 9.346 5.877 5
-1.658 9.346 6.058 5
-1.684 9.346 6.229 5
-1.704 9.364 6.336 5
-1.635 9.404 6.397 5
-1.57 9.431 6.492 5
-1.536 9.476 6.555 5
-1.493 9.559 6.531 5
-1.468 9.639 6.497 5
-1.477 9.686 6.34 5
-1.541 9.726 6.057 5
-1.627 9.753 5.821 5
-1.657 9.824 5.591 5
-1.742 9.908 5.446 6
-1.815 10.01 5.349 5
-1.911 10.097 5.516 5
-1.972 10.094 5.62 5
-1.957 10.06 5.708 5
-1.952 9.998 5.747 5
-1.922 9.998 5.796 5
-1.862 9.987 5.767 5
-1.805 9.962 5.661 5
-1.78 9.947 5.674 5
-1.742 10.021 5.7 5
-1.62 10.094 5.688 5
-1.534 10.076 5.707 5
-1.433 10.083 5.652 5
-1.34 10.113 5.499 5
-1.306 10.098 5.314 5
-1.341 10.095 5.111 5
-1.419 10.138 4.983 5
-1.59 10.151 4.859 5
-1.761 10.167 4.876 5
-1.824 10.16 4.976 5
-1.841 10.078 5.122 5
-1.714 10.016 5.334 5
-1.574 9.925 5.529 5
-1.441 9.812 5.65 5
-1.397 9.749 5.65 5
-1.397 9.685 5.591 5
-1.314 9.672 5.38 5
-1.181 9.654 5.313 5
-1.118 9.603 5.191 6
-1.21 9.595 5.036 5
-1.307 9.56 4.889 5
-1.356 9.592 4.807 5
-1.378 9.588 4.768 5
-1.397 9.558 4.713 5
-1.403 9.51 4.679 5
-1.319 9.461 4.615 5
-1.237 9.412 4.521 5
-1.251 9.345 4.435 5
-1.404 9.315 4.226 5
-1.54 9.312 3.944 5
-1.62 9.344 3.733 5
-1.791 9.363 3.536 5
-2.085 9.346 3.34 5
-2.393 9.36 3.195 5
-2.638 9.44 3.179 5
-2.79 9.524 3.218 5
-2.911 9.508 3.218 5
-2.868 9.45 3.187 5
-2.725 9.336 2.976 5
-2.447 9.134 2.782 5
-2.047 8.962 2.708 5
-1.609 8.79 2.633 5
-1.325 8.625 2.595 5
-1.073 8.528 2.539 5
-0.935 8.457 2.528 5
-0.994 8.39 2.547 5
-1.203 8.326 2.547 6
-1.589 8.302 2.415 5
-2.005 8.293 2.097 5
-2.368 8.353 2.003 5
-2.548 8.396 1.908 5
-2.609 8.324 1.92 5
-2.658 8.222 2.003 5
-2.681 8.152 2.113 5
-2.672 8.112 2.222 5
-2.62 8.074 2.359 5
-2.49 8.025 2.394 5
-2.406 7.99 2.384 5
-2.284 7.897 2.387 5
-2.084 7.775 2.475 5
-1.858 7.686 2.521 5
-1.603 7.518 2.424 5
-1.383 7.384 2.29 5
-1.286 7.214 2.154 5
-1.162 7.001 1.967 5
-1.0 6.823 1.823 5
-0.868 6.733 1.767 5
-0.899 6.684 1.628 5
-1.106 6.695 1.519 5
-1.381 6.744 1.384 5
-1.698 6.84 1.325 5
-2.075 6.925 1.348 5
-2.401 7.078 1.445 5
-2.522 7.212 1.543 5
-2.508 7.222 1.64 6
-2.383 7.225 1.529 5
-2.179 7.127 1.365 5
-1.903 7.001 1.198 5
-1.566 6.855 1.071 5
-1.222 6.709 0.947 5
-0.848 6.584 0.876 5
-0.523 6.502 0.779 5
-0.181 6.452 0.738 5
0.101 6.391 0.641 5
0.185 6.295 0.543 5
0.192 6.3 0.446 5
0.199 6.297 0.413 5
0.126 6.3 0.346 5
0.024 6.32 0.278 5
-0.117 6.437 0.269 5
-0.321 6.57 0.337 5
-0.682 6.741 0.418 5
-1.098 6.896 0.557 5
-1.426 7.076 0.67 5
-1.699 7.144 0.655 5
-1.768 7.156 0.606 5
-1.689 7.163 0.522 5
-1.484 7.078 0.339 5
-1.267 6.992 0.079 5
-1.017 6.846 -0.193 5
-0.796 6.739 -0.425 5
-0.497 6.653 -0.59 5
-0.203 6.627 -0.67 6
0.032 6.594 -0.588 5
0.239 6.574 -0.469 5
0.314 6.615 -0.356 5
0.287 6.64 -0.157 5
0.25 6.7 0.049 5
0.174 6.778 0.268 5
0.087 6.866 0.421 5
-0.044 6.954 0.499 5
-0.296 7.052 0.495 5
-0.608 7.174 0.379 5
-0.923 7.319 0.197 5
-1.182 7.44 0.002 5
-1.307 7.595 -0.242 5
-1.332 7.684 -0.526 5
-1.229 7.692 -0.807 5
-0.986 7.662 -0.972 5
-0.621 7.605 -1.034 5
-0.372 7.507 -0.995 5
-0.212 7.425 -0.883 5
-0.047 7.431 -0.699 5
0.133 7.456 -0.486 5
0.184 7.519 -0.279 5
0.142 7.544 -0.093 5
-0.016 7.568 0.063 5
-0.3 7.6 0.135 5
-0.586 7.702 0.218 5
-0.854 7.83 0.266 5
-1.051 7.885 0.312 5
-1.197 7.949 0.278 6
-1.225 7.967 0.332 5
-1.099 7.988 0.471 5
-0.868 7.98 0.683 5
-0.611 7.894 0.851 5
-0.367 7.821 1.087 5
-0.227 7.745 1.323 5
-0.057 7.68 1.485 5
0.086 7.667 1.524 5
0.152 7.661 1.513 5
0.125 7.675 1.403 5
-0.04 7.651 1.35 5
-0.19 7.642 1.356 5
-0.274 7.683 1.425 5
-0.415 7.738 1.526 5
-0.645 7.788 1.454 5
-0.896 7.829 1.349 5
-0.954 7.891 1.153 5
-0.929 7.891 0.935 5
-0.891 7.823 0.84 5
-0.88 7.738 0.786 5
-0.889 7.67 0.761 5
-0.82 7.632 0.784 5
-0.677 7.561 0.873 5
-0.493 7.5 1.109 5
-0.426 7.425 1.368 5
-0.377 7.391 1.539 5
-0.328 7.354 1.813 5
-0.267 7.425 1.97 6
-0.318 7.54 2.041 5
-0.574 7.699 1.975 5
-0.916 7.852 1.858 5
-1.159 7.975 1.77 5
-1.306 8.163 1.592 5
-1.421 8.294 1.435 5
-1.515 8.35 1.23 5
-1.53 8.323 1.024 5
-1.445 8.201 0.902 5
-1.243 8.089 0.881 5
-0.882 8.018 0.907 5
-0.388 7.969 0.938 5
-0.112 7.851 1.05 5
-0.018 7.757 1.321 5
-0.056 7.84 1.523 5
-0.12 8.026 1.82 5
-0.282 8.326 2.041 5
-0.537 8.615 2.257 5
-0.836 8.827 2.427 5
-1.153 8.949 2.403 5
-1.348 9.033 2.357 5
-1.57 9.075 2.521 5
-1.838 9.05 2.428 5
-2.009 8.998 2.186 5
-2.029 8.943 1.991 5
-1.917 8.758 1.904 5
-1.705 8.665 1.909 5
-1.376 8.641 2.077 6
-0.93 8.634 2.416 5
-0.445 8.614 2.932 5
-0.129 8.713 3.568 5
-0.056 8.912 4.125 5
-0.237 9.182 4.478 5
-0.555 9.482 4.643 5
-0.92 9.784 4.744 5
-1.268 9.98 4.693 5
-1.641 10.115 4.72 5
-2.001 10.159 4.66 5
-2.303 10.167 4.587 5
-2.474 10.172 4.569 5
-2.472 10.218 4.698 5
-2.324 10.304 4.92 5
-2.154 10.412 5.373 5
-1.998 10.543 5.86 5
-1.98 10.686 6.295 5
-2.068 10.827 6.657 5
-2.166 11.018 6.879 5
-2.292 11.212 7.008 5
-2.49 11.408 7.015 5
-2.692 11.521 6.926 5
-2.802 11.559 6.779 5
-2.875 11.492 6.574 5
-2.999 11.466 6.379 5
-3.08 11.399 6.141 5
-3.206 11.346 5.948 5
-3.217 11.254 5.814 6
-3.139 11.161 5.77 5
-3.004 11.01 5.848 5
-2.907 10.918 6.079 5
-2.747 10.823 6.325 5
-2.584 10.717 6.545 5
-2.447 10.612 6.759 5
-2.251 10.449 6.938 5
-2.105 10.316 7.042 5
-1.94 10.23 7.048 5
-1.942 10.142 7.061 5
-1.991 10.075 6.877 5
-2.025 10.007 6.692 5
-2.05 9.92 6.447 5
-2.105 9.859 6.215 5
-2.201 9.761 6.065 5
-2.257 9.68 5.951 5
-2.363 9.604 5.839 5
-2.436 9.514 5.668 5
-2.496 9.428 5.546 5
-2.49 9.349 5.424 5
-2.457 9.299 5.407 5
-2.296 9.231 5.353 5
-2.135 9.163 5.238 5
-1.943 9.033 5.049 5
-1.749 8.893 4.878 5
-1.542 8.771 4.622 5
-1.39 8.65 4.405 5
-1.406 8.613 4.24 5
-1.487 8.597 4.159 6
-1.598 8.605 4.177 5
-1.702 8.618 4.307 5
-1.852 8.633 4.557 5
-1.945 8.648 4.86 5
-2.021 8.691 5.101 5
-2.106 8.735 5.309 5
-2.139 8.753 5.382 5
-2.225 8.741 5.361 5
-2.291 8.768 5.239 5
-2.269 8.829 5.047 5
-2.179 8.829 4.853 5
-2.084 8.829 4.734 5
-2.011 8.848 4.598 5
-2.048 8.911 4.438 5
-2.079 8.945 4.336 5
-2.137 8.979 4.278 5
-2.125 9.018 4.302 5
-2.098 8.969 4.518 5
-2.025 8.944 4.809 5
-1.941 8.91 5.161 5
-1.975 8.835 5.466 5
-1.982 8.78 5.695 5
-1.917 8.805 5.933 5
-1.838 8.829 6.166 5
-1.645 8.911 6.273 5
-1.61 8.956 6.301 5
-1.658 8.951 6.223 5
-1.771 8.963 6.014 6
-1.931 8.991 5.748 5
-2.09 9.101 5.553 5
-2.212 9.205 5.462 5
-2.271 9.319 5.451 5
-2.24 9.348 5.42 5
-2.184 9.299 5.406 5
-2.029 9.232 5.401 5
-1.825 9.207 5.591 5
-1.689 9.172 5.773 5
-1.567 9.139 5.983 5
-1.391 9.076 6.259 5
-1.34 9.052 6.411 5
-1.402 9.052 6.398 5
-1.665 9.094 6.237 5
-1.875 9.212 6.027 5
-2.101 9.325 5.761 5
-2.239 9.408 5.584 5
-2.297 9.424 5.441 5
-2.262 9.475 5.557 5
-2.157 9.483 5.644 5
-2.011 9.547 5.717 5
-1.909 9.553 5.769 5
-1.828 9.497 5.811 5
-1.743 9.411 5.897 5
-1.669 9.331 5.92 5
-1.619 9.308 5.899 5
-1.598 9.308 5.759 5
-1.738 9.308 5.602 6
-1.938 9.289 5.476 5
-2.159 9.325 5.373 5
-2.251 9.42 5.283 5
-2.195 9.542 5.203 5
-2.142 9.593 5.076 5
-2.132 9.517 4.871 5
-2.106 9.36 4.738 5
-1.962 9.238 4.64 5
-1.729 9.212 4.612 5
-1.544 9.203 4.597 5
-1.402 9.193 4.553 5
-1.397 9.154 4.501 5
-1.409 9.123 4.489 5
-1.391 9.147 4.44 5
-1.277 9.188 4.49 5
-1.198 9.227 4.515 5
-1.328 9.186 4.428 5
-1.488 9.148 4.283 5
-1.586 9.1 4.089 5
-1.567 9.102 3.862 5
-1.445 9.117 3.725 5
-1.382 9.087 3.633 5
-1.458 9.097 3.581 5
-1.519 9.084 3.532 5
-1.482 9.109 3.399 5
-1.408 9.133 3.187 5
-1.346 9.155 2.887 5
-1.232 9.131 2.692 6
-1.187 9.084 2.558 5
-1.15 9.005 2.382 5
-1.092 8.878 2.146 5
-1.004 8.82 2.039 5
-1.035 8.731 2.007 5
-1.151 8.656 2.093 5
-1.224 8.619 2.19 5
-1.298 8.569 2.237 5
-1.454 8.611 2.227 5
-1.688 8.641 2.166 5
-1.883 8.665 2.012 5
-2.025 8.663 1.828 5
-2.141 8.583 1.633 5
-2.069 8.513 1.542 5
-1.903 8.532 1.503 5
-1.767 8.523 1.569 5
-1.584 8.461 1.714 5
-1.474 8.357 1.921 5
-1.316 8.235 2.119 5
-1.111 8.113 2.215 5
-1.021 7.997 2.177 5
-0.973 7.923 2.104 5
-0.995 7.824 1.996 5
-1.032 7.758 1.804 5
-1.024 7.628 1.628 5
-1.022 7.554 1.403 5
-0.995 7.481 1.166 5
-1.017 7.43 1.089 5
-1.052 7.418 1.06 6
-1.076 7.431 1.119 5
-1.074 7.448 1.234 5
-1.03 7.425 1.381 5
-1.031 7.351 1.569 5
-1.066 7.216 1.829 5
-1.109 7.126 2.028 5
-1.249 7.096 2.333 5
-1.351 7.098 2.561 5
-1.409 7.078 2.593 5
-1.434 7.085 2.367 5
-1.437 7.054 1.948 5
-1.474 6.993 1.572 5
-1.44 6.954 1.182 5
-1.413 6.955 0.872 5
-1.397 6.997 0.702 5
-1.425 7.002 0.656 5
-1.36 6.953 0.632 5
-1.145 6.831 0.594 5
-0.882 6.719 0.594 5
-0.616 6.637 0.578 5
-0.332 6.608 0.651 5
-0.175 6.601 0.672 5
-0.138 6.564 0.769 5
-0.239 6.567 0.961 5
-0.365 6.595 1.083 5
-0.511 6.662 1.086 5
-0.629 6.745 1.034 5
-0.765 6.761 0.823 6
-0.854 6.761 0.632 5
-1.021 6.74 0.311 5
-1.138 6.691 -0.046 5
-1.139 6.712 -0.341 5
-1.017 6.813 -0.532 5
-0.944 6.862 -0.605 5
-1.044 6.929 -0.612 5
-1.117 6.895 -0.616 5
-1.122 6.877 -0.631 5
-1.062 6.885 -0.603 5
-1.072 6.895 -0.574 5
-1.08 6.892 -0.563 5
-1.052 6.816 -0.514 5
-1.069 6.703 -0.497 5
-1.089 6.583 -0.338 5
-1.036 6.516 -0.064 5
-0.914 6.493 0.13 5
-0.739 6.493 0.421 5
-0.727 6.47 0.597 5
-0.763 6.436 0.698 5
-0.832 6.359 0.694 5
-0.88 6.32 0.709 5
-0.842 6.331 0.788 5
-0.896 6.369 0.908 5
-1.083 6.426 0.99 5
-1.274 6.463 0.932 5
-1.397 6.546 0.828 5
-1.544 6.569 0.645 6
-1.822 6.569 0.45 5
-2.085 6.608 0.136 5
-2.267 6.712 -0.101 5
-2.389 6.8 -0.326 5
-2.391 6.894 -0.458 5
-2.306 6.87 -0.397 5
-2.162 6.856 -0.233 5
-1.959 6.824 -0.022 5
-1.618 6.751 0.165 5
-1.286 6.676 0.325 5
-0.936 6.626 0.492 5
-0.662 6.571 0.589 5
-0.39 6.518 0.775 5
-0.239 6.483 1.119 5
-0.176 6.493 1.553 5
-0.272 6.571 1.943 5
-0.424 6.632 2.15 5
-0.697 6.707 2.248 5
-1.087 6.772 2.329 5
-1.598 6.957 2.453 5
-1.998 7.184 2.641 5
-2.315 7.428 2.706 5
-2.596 7.617 2.535 5
-2.7 7.779 2.263 5
-2.661 7.872 2.106 5
-2.474 7.906 2.009 5
-2.145 7.908 1.973 5
-1.694 7.859 1.966 6
-1.252 7.787 1.942 5
-0.827 7.757 1.901 5
-0.411 7.776 1.904 5
-0.248 7.808 2.01 5
-0.301 7.933 2.275 5
-0.492 8.172 2.69 5
-0.933 8.468 3.209 5
-1.49 8.746 3.624 5
-1.972 8.981 3.89 5
-2.393 9.245 4.093 5
-2.758 9.507 4.336 5
-2.981 9.751 4.518 5
-3.11 9.944 4.798 5
-3.062 10.055 5.086 5
-2.866 10.039 5.297 5
-2.5 10.03 5.457 5
-2.075 10.017 5.553 5
-1.554 9.988 5.67 5
-1.212 10.057 5.905 5
-1.164 10.201 6.137 5
-1.322 10.413 6.307 5
-1.696 10.632 6.338 5
-2.207 10.863 6.215 5
-2.733 11.124 6.084 5
-3.166 11.256 5.886 5
-3.516 11.345 5.78 5
-3.841 11.418 5.576 5
-4.096 11.434 5.345 6
-4.139 11.386 5.161 5
-3.907 11.337 5.164 5
-3.544 11.257 5.268 5
-3.138 11.113 5.539 5
-2.549 10.887 5.9 5
-2.0 10.655 6.291 5
-1.56 10.452 6.71 5
-1.356 10.314 7.099 5
-1.375 10.388 7.492 5
-1.569 10.516 7.902 5
-1.914 10.745 8.197 5
-2.193 10.948 8.102 5
-2.531 11.095 7.729 5
-2.929 11.163 7.169 5
-3.266 11.206 6.544 5
-3.363 11.216 5.982 5
-3.302 11.155 5.666 5
-3.134 11.023 5.594 5
-2.917 10.824 5.535 5
-2.706 10.553 5.544 5
-2.426 10.25 5.583 5
-2.123 9.939 5.574 5
-1.772 9.732 5.732 5
-1.512 9.531 5.927 5
-1.372 9.385 6.186 5
-1.298 9.283 6.47 5
-1.242 9.217 6.637 5
-1.268 9.206 6.647 5
-1.425 9.23 6.45 6
-1.696 9.278 6.163 5
-1.864 9.317 5.877 5
-2.029 9.327 5.546 5
-2.126 9.23 5.184 5
-2.116 9.168 4.866 5
-1.983 9.133 4.611 5
-1.853 9.084 4.408 5
-1.641 9.012 4.371 5
-1.395 8.915 4.45 5
-1.225 8.817 4.621 5
-1.061 8.755 4.799 5
-0.879 8.742 5.051 5
-0.757 8.8 5.294 5
-0.679 8.887 5.416 5
-0.73 8.926 5.4 5
-0.869 8.967 5.359 5
-1.064 9.076 5.305 5
-1.26 9.231 5.24 5
-1.392 9.375 5.202 5
-1.539 9.481 5.152 5
-1.698 9.628 5.139 5
-1.851 9.781 5.187 5
-1.978 9.861 5.219 5
-2.077 9.949 5.334 5
-2.101 9.979 5.476 5
-2.184 9.96 5.715 5
-2.221 9.997 5.959 5
-2.232 10.115 6.158 6
-2.257 10.269 6.255 5
-2.286 10.331 6.258 5
-2.336 10.389 6.201 5
-2.297 10.439 6.141 5
-2.223 10.476 6.129 5
-2.258 10.581 6.123 5
-2.384 10.64 6.196 5
-2.51 10.683 6.24 5
-2.608 10.688 6.305 5
-2.687 10.675 6.384 5
-2.665 10.565 6.443 5
-2.592 10.467 6.557 5
-2.511 10.348 6.638 5
-2.372 10.234 6.695 5
-2.224 10.11 6.618 5
-2.053 9.963 6.514 5
-1.915 9.835 6.398 5
-1.817 9.777 6.32 5
-1.705 9.749 6.331 5
-1.627 9.787 6.334 5
-1.64 9.781 6.212 5
-1.7 9.768 6.02 5
-1.74 9.785 5.802 5
-1.891 9.746 5.585 5
-2.03 9.738 5.332 5
-2.106 9.722 5.056 5
-2.125 9.673 4.812 5
-2.221 9.562 4.664 6
-2.358 9.479 4.517 5
-2.447 9.35 4.417 5
-2.428 9.247 4.328 5
-2.361 9.187 4.328 5
-2.348 9.162 4.364 5
-2.44 9.155 4.352 5
-2.431 9.152 4.3 5
-2.269 9.136 4.243 5
-2.046 9.122 4.151 5
-1.802 9.098 3.967 5
-1.587 9.107 3.544 5
-1.443 9.136 3.009 5
-1.447 9.089 2.421 5
-1.616 8.979 1.978 5
-1.751 8.931 1.56 5
-1.874 8.882 1.388 5
-1.93 8.885 1.377 5
-1.998 8.887 1.505 5
-2.055 8.87 1.733 5
-2.128 8.821 2.005 5
-2.048 8.772 2.26 5
-1.814 8.641 2.566 5
-1.533 8.569 2.812 5
-1.264 8.511 2.954 5
-1.081 8.44 2.94 5
-0.955 8.342 2.772 5
-0.858 8.22 2.504 5
-0.736 8.143 2.118 6
-0.704 8.091 1.726 5
-0.662 7.982 1.482 5
-0.631 7.839 1.308 5
-0.592 7.698 1.283 5
-0.565 7.568 1.316 5
-0.572 7.474 1.44 5
-0.491 7.368 1.538 5
-0.528 7.253 1.695 5
-0.758 7.18 1.823 5
-1.198 7.131 1.97 5
-1.531 7.195 2.186 5
-1.696 7.35 2.515 5
-1.733 7.412 2.781 5
-1.709 7.412 2.972 5
-1.587 7.335 3.16 5
-1.361 7.234 3.215 5
-1.149 7.177 3.213 5
-1.043 7.096 3.083 5
-0.991 6.92 2.795 5
-0.913 6.774 2.562 5
-0.817 6.64 2.319 5
-0.839 6.536 2.064 5
-0.878 6.497 1.825 5
-1.124 6.53 1.509 5
-1.416 6.607 1.236 5
-1.649 6.705 0.933 5
-1.778 6.802 0.705 5
-1.819 6.867 0.618 5
-1.819 6.892 0.561 6
-1.786 6.856 0.543 5
-1.618 6.842 0.631 5
-1.384 6.767 0.74 5
-1.23 6.705 0.911 5
-1.166 6.58 1.086 5
-1.053 6.522 1.282 5
-0.97 6.478 1.462 5
-0.896 6.473 1.633 5
-0.823 6.467 1.792 5
-0.834 6.443 1.891 5
-0.874 6.419 1.882 5
-0.842 6.411 1.879 5
-0.819 6.401 1.881 5
-0.746 6.448 1.832 5
-0.691 6.49 1.674 5
-0.538 6.493 1.473 5
-0.459 6.483 1.323 5
-0.425 6.518 1.098 5
-0.423 6.568 0.891 5
-0.527 6.55 0.684 5
-0.7 6.561 0.506 5
-0.846 6.619 0.238 5
-0.93 6.668 0.175 5
-0.888 6.7 0.239 5
-0.939 6.722 0.346 5
-0.92 6.741 0.493 5
-0.868 6.718 0.645 5
-0.736 6.713 0.689 6
-0.663 6.678 0.689 5
-0.547 6.627 0.707 5
-0.396 6.627 0.689 5
-0.287 6.672 0.701 5
-0.231 6.703 0.742 5
-0.268 6.75 0.829 5
-0.479 6.799 1.025 5
-0.733 6.799 1.185 5
-0.859 6.818 1.394 5
-1.042 6.832 1.584 5
-1.209 6.886 1.715 5
-1.358 6.925 1.803 5
-1.456 6.971 1.815 5
-1.487 6.978 1.749 5
-1.524 6.967 1.63 5
-1.481 7.003 1.486 5
-1.357 6.982 1.427 5
-1.145 6.9 1.329 5
-0.853 6.763 1.157 5
-0.541 6.591 1.036 5
-0.325 6.44 0.895 5
-0.257 6.367 0.813 5
-0.325 6.324 0.804 5
-0.553 6.322 0.829 5
-0.826 6.339 0.914 5
-1.045 6.339 0.962 5
-1.265 6.322 0.959 5
-1.474 6.346 0.878 6
-1.638 6.403 0.904 5
-1.806 6.49 1.082 5
-1.725 6.663 1.337 5
-1.67 6.839 1.46 5
-1.664 6.962 1.448 5
-1.77 7.08 1.49 5
-1.708 7.133 1.585 5
-1.468 7.214 1.777 5
-1.079 7.129 1.947 5
-0.696 6.948 2.201 5
-0.423 6.706 2.548 5
-0.18 6.524 2.816 5
-0.076 6.507 2.972 5
-0.134 6.55 2.988 5
-0.217 6.569 2.978 5
-0.382 6.59 2.758 5
-0.632 6.686 2.524 5
-0.919 6.983 2.375 5
-1.141 7.396 2.418 5
-1.299 7.833 2.552 5
-1.393 8.16 2.709 5
-1.424 8.396 2.979 5
-1.491 8.558 3.121 5
-1.517 8.619 3.241 5
-1.433 8.6 3.471 5
-1.296 8.655 3.796 5
-1.293 8.717 4.075 5
-1.366 8.75 4.32 6
-1.391 8.816 4.535 5
-1.332 8.882 4.698 5
-1.434 8.969 4.845 5
-1.6 9.162 5.009 5
-1.801 9.421 5.199 5
-2.063 9.658 5.416 5
-2.255 9.854 5.622 5
-2.412 10.079 5.806 5
-2.464 10.319 5.96 5
-2.772 10.488 6.08 5
-3.137 10.586 6.21 5
-3.401 10.685 6.323 5
-3.246 10.81 6.31 5
-2.93 10.834 6.212 5
-2.925 10.787 6.15 5
-3.177 10.941 6.088 5
-3.266 11.316 5.984 5
-3.29 11.487 6.31 5
-3.78 11.378 6.731 5
-3.952 11.474 6.969 5
-3.858 11.741 7.149 5
-3.811 12.082 7.302 5
-4.006 12.296 7.363 5
-4.171 12.304 7.04 5
-4.116 12.354 6.675 5
-3.914 12.391 6.333 5
-3.614 12.281 5.97 5
-3.389 12.085 5.487 5
-3.239 11.847 4.991 6
-3.174 11.573 4.543 5
-3.046 11.208 4.154 5
-2.934 10.904 3.825 5
-2.91 10.519 3.599 5
-2.875 10.004 3.384 5
-2.633 9.556 3.634 5
-2.22 9.194 4.503 5
-2.843 8.859 7.182 5
-2.695 8.835 8.635 5
-1.585 9.06 8.772 5
-0.953 9.017 9.178 5
-1.559 8.686 9.667 5
-2.193 8.467 9.409 5
-2.324 8.343 8.8 5
-2.25 8.246 8.217 5
-2.169 8.087 7.691 5
-1.998 7.99 7.462 5
-1.715 7.967 7.28 5
-1.368 7.986 7.091 5
-1.139 8.02 6.562 5
-0.993 8.016 5.918 5
-0.847 7.964 5.244 5
-0.779 7.841 4.789 5
-0.662 7.647 4.487 5
-0.457 7.479 4.386 5
-0.162 7.277 4.454 5
0.159 7.088 4.677 5
0.435 6.9 5.035 6
0.519 6.739 5.547 5
0.555 6.685 6.119 5
0.492 6.771 6.499 5
0.171 6.87 6.637 5
-0.277 7.041 6.646 5
-0.696 7.248 6.497 5
-0.872 7.382 6.226 5
-1.298 7.467 5.824 5
-1.627 7.557 5.292 5
-1.656 7.652 4.784 5
-1.875 7.742 4.362 5
-2.225 7.919 4.02 5
-2.411 8.043 3.698 5
-2.522 8.063 3.561 5
-2.487 8.042 3.484 5
-2.392 8.04 3.42 5
-3.126 7.988 3.858 5
-3.764 8.061 4.676 5
-3.179 8.268 4.774 5
-2.403 8.297 4.503 5
-2.416 8.115 4.653 5
-2.604 7.979 5.052 5
-2.436 7.962 5.397 5
-2.336 8.025 5.631 5
-2.309 8.166 5.803 5
-2.229 8.278 5.782 5
-2.079 8.296 5.686 5
-1.953 8.251 5.531 6
-1.716 8.216 5.532 5
-1.583 8.229 5.593 5
-1.587 8.2 5.522 5
-1.729 8.22 5.523 5
-2.13 8.263 5.608 5
-2.501 8.321 5.528 5
-3.145 8.372 5.457 5
-3.493 8.52 5.261 5
-3.958 8.572 4.97 5
-4.258 8.66 4.903 5
-4.675 8.719 4.482 5
-4.618 8.738 4.46 5
-4.462 8.664 4.336 5
-4.514 8.513 4.094 5
-4.312 8.416 4.095 5
-3.753 8.324 4.361 5
-3.413 8.159 4.616 5
-3.154 8.002 4.892 5
-2.914 7.787 5.334 5
-2.768 7.592 5.579 5
-2.67 7.446 5.563 5
-2.576 7.35 5.458 5
-2.508 7.309 5.215 5
-2.559 7.297 4.909 5
-2.639 7.351 4.844 5
-2.592 7.401 4.552 5
-2.518 7.45 4.158 5
-2.518 7.542 4.031 6
-2.488 7.662 3.987 5
-2.446 7.686 4.096 5
-2.36 7.71 4.242 5
-2.27 7.767 4.437 5
-2.137 7.749 4.754 5
-2.087 7.73 5.246 5
-2.087 7.698 5.541 5
-2.215 7.588 5.59 5
-2.144 7.678 5.808 5
-1.981 7.776 5.755 5
-1.893 7.784 5.54 5
-1.93 7.777 5.149 5
-1.752 7.795 2.713 5
-2.473 7.965 -1.017 5
-3.703 8.315 2.308 5
-3.781 8.577 5.018 5
-4.484 8.708 5.759 5
-4.704 8.753 5.605 5
-4.452 8.79 5.129 5
-3.818 8.792 4.909 5
-3.126 8.773 4.698 5
-2.715 8.75 4.269 5
-2.765 8.654 3.395 5
-2.948 8.581 2.628 5
-3.002 8.519 2.057 5
-2.903 8.403 1.884 5
-2.764 8.309 2.259 5
-2.511 8.113 2.822 5
-2.332 7.918 3.557 6
-2.166 7.666 4.221 5
-2.025 7.484 4.74 5
-1.923 7.382 5.179 5
-1.895 7.309 5.497 5
-1.942 7.361 5.632 5
-2.082 7.483 5.637 5
-2.18 7.617 5.517 5
-2.286 7.712 5.187 5
-2.361 7.83 4.828 5
-2.377 7.918 4.568 5
-2.328 7.929 4.4 5
-2.223 7.929 4.348 5
-2.134 7.838 4.463 5
-2.055 7.755 4.54 5
-1.995 7.626 4.635 5
-1.953 7.565 4.796 5
-1.953 7.565 4.904 5
-2.001 7.565 4.941 5
-2.15 7.548 4.941 5
-2.302 7.584 4.853 5
-2.498 7.593 4.66 5
-2.701 7.617 4.555 5
-2.681 7.623 4.482 5
-2.647 7.642 4.41 5
-2.661 7.642 4.424 5
-2.677 7.673 4.424 5
-2.676 7.68 4.437 5
-2.63 7.687 4.333 6
-2.654 7.76 4.21 5
-2.696 7.865 4.175 5
-2.717 7.955 4.163 5
-2.866 8.004 4.203 5
-3.076 8.081 4.256 5
-3.256 8.14 4.31 5
-3.321 8.164 4.383 5
-3.262 8.178 4.456 5
-3.045 8.194 4.498 5
-2.749 8.197 4.589 5
-2.458 8.168 4.707 5
-2.299 8.083 4.806 5
-2.065 8.028 4.863 5
-1.888 8.017 5.052 5
-1.812 7.987 5.267 5
-1.761 8.001 5.324 5
-1.84 8.044 5.399 5
-2.033 8.036 5.275 5
-2.258 8.074 5.139 5
-2.317 8.114 4.896 5
-2.169 8.026 4.788 5
-2.045 7.861 4.825 5
-2.048 7.84 4.897 5
-2.175 7.87 5.011 5
-2.229 7.852 5.165 5
-2.25 7.816 5.369 5
-2.124 7.704 5.473 5
-2.007 7.563 5.475 6
-1.866 7.502 5.366 5
-1.766 7.455 5.286 5
-1.742 7.349 5.286 5
-1.797 7.299 5.296 5
-1.773 7.347 5.363 5
-1.8 7.393 5.376 5
-1.819 7.338 5.4 5
-1.864 7.339 5.389 5
-1.819 7.354 5.315 5
-1.833 7.384 5.316 5
-1.878 7.414 5.207 5
-1.951 7.505 5.152 5
-2.013 7.573 5.108 5
-2.061 7.629 5.012 5
-2.081 7.766 4.794 5
-2.015 7.875 4.592 5
-2.042 7.974 4.398 5
-2.05 8.078 4.276 5
-2.157 8.119 4.346 5
-2.183 8.188 4.52 5
-2.06 8.212 4.812 5
-1.869 8.174 5.185 5
-1.606 8.046 5.577 5
-1.295 7.865 5.912 5
-0.942 7.712 6.235 5
-0.719 7.615 6.501 5
-0.653 7.565 6.574 5
-0.644 7.539 6.581 6
-0.796 7.527 6.661 5
-0.968 7.55 6.642 5
-1.139 7.584 6.637 5
-1.265 7.603 6.646 5
-1.347 7.628 6.558 5
-1.505 7.718 6.309 5
-1.593 7.695 6.033 5
-1.641 7.647 5.768 5
-1.619 7.688 5.496 5
-1.538 7.754 5.342 5
-1.453 7.816 5.233 5
-1.398 7.945 5.265 5
-1.421 7.982 5.53 5
-1.503 8.055 5.778 5
-1.603 8.158 6.043 5
-1.708 8.246 6.309 5
-1.8 8.415 6.442 5
-1.959 8.489 6.457 5
-2.163 8.504 6.588 5
-2.253 8.629 6.857 5
-2.456 8.799 6.791 5
-2.381 8.716 6.663 5
-2.149 8.489 6.478 5
-1.775 8.235 6.113 5
-1.417 7.979 5.798 5
-1.062 7.775 5.553 5
-0.924 7.628 5.333 5
-1.042 7.463 5.196 5
-1.213 7.438 5.255 6
-1.229 7.448 5.564 5
-1.048 7.627 5.842 5
-0.739 7.789 5.936 5
-0.165 7.866 6.357 5
-0.037 7.814 6.704 5
-0.191 7.849 6.818 5
-0.211 7.891 6.934 5
-0.292 7.938 7.108 5
-0.52 7.995 7.318 5
-0.796 8.139 7.357 5
-0.991 8.309 7.603 5
-1.298 8.491 7.596 5
-1.661 8.689 7.225 5
-2.063 8.935 6.779 5
-2.499 9.228 6.249 5
-2.931 9.54 5.743 5
-3.162 9.836 5.254 5
-3.238 10.024 4.819 5
-3.255 10.138 4.501 5
-3.302 10.136 4.308 5
-3.363 10.185 4.115 5
-3.288 10.221 4.054 5
-3.202 10.263 4.041 5
-3.113 10.216 4.164 5
-2.951 10.134 4.371 5
-2.762 10.093 4.712 5
-2.565 10.073 5.12 5
-2.558 10.019 5.476 6
-2.596 9.946 5.803 5
-2.604 9.873 6.063 5
-2.692 9.889 6.163 5
-2.829 9.948 6.144 5
-2.987 9.972 6.167 5
-3.115 9.961 6.203 5
-3.132 9.955 6.143 5
-3.111 9.968 5.978 5
-3.136 9.983 5.812 5
-3.204 9.977 5.648 5
-3.351 9.923 5.575 5
-3.351 9.872 5.491 5
-3.269 9.831 5.295 5
-3.169 9.796 4.995 5
-3.04 9.699 4.761 5
-2.78 9.601 4.544 5
-2.444 9.375 4.336 5
-2.148 9.195 4.228 5
-1.944 9.079 3.984 5
-1.813 8.991 3.726 5
-1.8 8.881 3.525 5
-1.819 8.735 3.605 5
-1.807 8.589 3.86 5
-1.816 8.475 4.095 5
-1.854 8.315 4.202 5
-1.814 8.185 4.244 5
-1.714 8.087 4.233 5
-1.648 8.045 4.122 6
-1.655 8.116 3.953 5
-1.685 8.072 3.801 5
-1.64 7.984 3.724 5
-1.511 7.869 3.637 5
-1.43 7.789 3.575 5
-1.22 7.714 3.478 5
-1.083 7.716 3.33 5
-0.998 7.674 3.107 5
-1.014 7.634 2.806 5
-0.987 7.596 2.555 5
-0.938 7.584 2.266 5
-1.076 7.637 2.064 5
-1.382 7.71 1.775 5
-1.675 7.844 1.492 5
-1.924 8.012 1.336 5
-2.119 8.121 1.244 5
-2.291 8.147 1.276 5
-2.353 8.123 1.457 5
-2.155 8.076 1.802 5
-1.969 8.002 2.256 5
-1.887 7.894 2.668 5
-1.688 7.834 2.965 5
-1.54 7.814 3.146 5
-1.434 7.804 3.197 5
-1.447 7.718 3.133 5
-1.584 7.595 3.088 5
-1.518 7.468 3.134 5
-1.469 7.431 3.122 6
-1.455 7.431 3.191 5
-1.442 7.384 3.172 5
-1.508 7.457 3.081 5
-1.647 7.502 2.869 5
-1.856 7.584 2.568 5
-2.14 7.73 2.225 5
-2.461 7.898 1.936 5
-2.675 8.092 1.78 5
-2.7 8.178 1.64 5
-2.672 8.143 1.549 5
-2.489 8.021 1.44 5
-2.36 7.969 1.241 5
-2.302 7.911 1.086 5
-2.196 7.816 0.977 5
-2.046 7.767 0.963 5
-2.029 7.699 0.899 5
-2.01 7.669 0.712 5
-1.989 7.61 0.66 5
-1.972 7.521 0.651 5
-1.863 7.45 0.875 5
-1.713 7.421 1.276 5
-1.628 7.361 1.653 5
-1.502 7.301 2.027 5
-1.324 7.255 2.264 5
-1.142 7.231 2.338 5
-1.02 7.163 2.317 5
-1.035 7.164 2.181 5
-1.199 7.212 1.957 5
-1.451 7.272 1.597 6
-1.631 7.361 1.15 5
-1.848 7.433 0.635 5
-1.956 7.443 0.227 5
-2.004 7.431 -0.049 5
-1.957 7.413 -0.309 5
-1.891 7.401 -0.614 5
-1.735 7.422 -0.876 5
-1.608 7.484 -1.226 5
-1.684 7.588 -1.611 5
-1.648 7.717 -1.733 5
-1.564 7.757 -1.8 5
-1.466 7.741 -1.751 5
-1.359 7.632 -1.63 5
-1.344 7.58 -1.413 5
-1.295 7.578 -1.083 5
-1.264 7.565 -0.796 5
-1.193 7.514 -0.494 5
-1.12 7.46 -0.231 5
-1.076 7.45 0.105 5
-1.087 7.452 0.608 5
-0.953 7.476 1.067 5
-0.816 7.439 1.332 5
-0.834 7.431 1.379 5
-0.875 7.477 1.324 5
-0.818 7.535 0.974 5
-0.81 7.52 0.66 5
-0.877 7.489 0.356 5
-0.955 7.465 0.065 6
-0.985 7.431 -0.771 5
-1.18 7.501 -2.907 5
-2.13 7.818 -1.338 5
-2.308 7.916 0.958 5
-2.696 7.99 1.394 5
-2.934 7.972 1.091 5
-2.948 7.836 1.125 5
-2.786 7.698 1.214 5
-2.679 7.629 1.265 5
-2.625 7.604 1.265 5
-2.641 7.603 0.961 5
-2.758 7.584 0.678 5
-2.785 7.565 0.409 5
-2.508 7.5 0.272 5
-2.042 7.303 0.389 5
-1.637 7.093 0.525 5
-1.379 6.963 0.64 5
-1.15 6.79 0.756 5
-1.085 6.733 0.878 5
-1.17 6.709 1.085 5
-1.318 6.741 1.261 5
-1.522 6.67 1.451 5
-1.755 6.617 1.591 5
-1.959 6.562 1.719 5
-2.109 6.514 1.757 5
-2.15 6.563 1.672 5
-2.031 6.588 1.718 5
-1.835 6.588 1.933 6
-1.749 6.671 2.208 5
-1.651 6.737 2.378 5
-1.527 6.888 2.446 5
-1.36 7.104 2.489 5
-1.268 7.246 2.265 5
-1.313 7.409 1.877 5
-1.355 7.567 1.637 5
-1.273 7.762 1.324 5
-1.14 7.8 1.052 5
-1.067 7.764 0.772 5
-1.052 7.67 0.622 5
-1.171 7.623 0.36 5
-1.325 7.606 0.076 5
-1.489 7.529 -0.115 5
-1.531 7.375 -0.209 5
-1.422 7.242 -0.042 5
-1.136 7.154 0.383 5
-0.73 7.163 0.937 5
-0.206 7.243 1.636 5
0.097 7.285 2.264 5
0.304 7.359 2.837 5
0.309 7.534 3.182 5
0.04 7.812 3.252 5
-0.316 8.188 3.331 5
-0.685 8.534 3.366 5
-1.037 8.775 3.41 5
-1.288 9.035 3.456 5
-1.483 9.181 3.396 6
-1.662 9.2 3.212 5
-1.689 9.265 2.901 5
-1.592 9.626 2.874 5
-1.878 9.743 3.119 5
-2.438 9.605 3.412 5
-2.738 9.354 3.782 5
-2.619 9.272 4.12 5
-2.201 9.16 4.549 5
-1.693 8.997 5.108 5
-1.143 8.787 5.847 5
-0.652 8.712 6.56 5
-0.238 8.695 7.153 5
-0.035 8.729 7.801 5
-0.273 8.875 8.437 5
-0.741 9.111 8.971 5
-1.258 9.481 9.242 5
-1.797 9.891 9.062 5
-2.188 10.197 8.578 5
-2.462 10.353 8.002 5
-2.703 10.367 7.495 5
-2.844 10.538 7.104 5
-3.038 10.63 6.754 5
-3.102 10.646 6.479 5
-2.974 10.569 6.41 5
-2.852 10.396 6.633 5
-2.756 10.349 7.164 5
-2.701 10.361 7.992 5
-2.678 10.193 8.944 5
-2.451 9.749 9.682 6
-2.075 9.201 10.227 5
-1.507 8.822 10.402 5
-0.903 8.664 10.408 5
-0.567 8.615 10.194 5
-0.514 8.633 9.711 5
-0.8 8.656 9.234 5
-1.102 8.835 8.549 5
-1.41 9.031 7.945 5
-1.771 9.19 7.462 5
-1.957 9.302 7.045 5
-1.952 9.443 6.836 5
-1.919 9.466 6.851 5

# Completed @Mon May 08 23:02:53 GMT+02:00 2017
